{
    "000000.png": {
        "rotation_matrix": [
            [
                0.8921300598422597,
                -0.011122543941701351,
                -0.45164172232214084
            ],
            [
                -0.4512211941667583,
                0.027710578289151556,
                -0.8919818147168722
            ],
            [
                0.022436360234441833,
                0.999554107023299,
                0.019702712307817748
            ]
        ],
        "translation_vector": [
            -14.345161955231342,
            9.306336179216737,
            55.48735296204947
        ]
    },
    "000001.png": {
        "rotation_matrix": [
            [
                0.80015877201273,
                -0.023416831270288305,
                0.599330953300711
            ],
            [
                0.18163936313689136,
                -0.9428544684937079,
                -0.2793431456124747
            ],
            [
                0.571623198733488,
                0.3323809610292181,
                -0.7501798553780212
            ]
        ],
        "translation_vector": [
            -15.73248988730893,
            -1.927778519889384,
            44.88931349363513
        ]
    },
    "000002.png": {
        "rotation_matrix": [
            [
                0.4490383876142241,
                -0.5048392097286533,
                0.7372258126038171
            ],
            [
                -0.06312931149519985,
                -0.8409506956179753,
                -0.5374166145271074
            ],
            [
                0.8912795389096239,
                0.19478013209817976,
                -0.4094892961493079
            ]
        ],
        "translation_vector": [
            -15.86761438441264,
            -1.9670137923028017,
            44.8815937502828
        ]
    },
    "000003.png": {
        "rotation_matrix": [
            [
                0.6431533875000087,
                -0.5085420765567286,
                0.5724846517755999
            ],
            [
                -0.13062524153939942,
                -0.8095303358814919,
                -0.5723614955256586
            ],
            [
                0.7545135959146351,
                0.29333528880611226,
                -0.5870806093893729
            ]
        ],
        "translation_vector": [
            -15.573185172654682,
            -1.4940822752318894,
            45.32804538263869
        ]
    },
    "000004.png": {
        "rotation_matrix": [
            [
                0.5165037210183834,
                -0.3300112430966088,
                0.790137004325193
            ],
            [
                0.1773247242321975,
                -0.8615248185267752,
                -0.4757425030816326
            ],
            [
                0.8377230140984155,
                0.3858335994858833,
                -0.3864616218431367
            ]
        ],
        "translation_vector": [
            -16.51173210641223,
            -1.8666030418115493,
            44.96649365973909
        ]
    },
    "000005.png": {
        "rotation_matrix": [
            [
                0.570920404533874,
                -0.10986012282048035,
                0.8136219300761001
            ],
            [
                -0.13078508097082364,
                -0.9905218044067705,
                -0.04197401089033992
            ],
            [
                0.8105215322755739,
                -0.08244579072721786,
                -0.5798771743300738
            ]
        ],
        "translation_vector": [
            -16.870306428831483,
            -1.6338014254065714,
            44.96217251576965
        ]
    },
    "000006.png": {
        "rotation_matrix": [
            [
                0.4284897568799311,
                -0.19434326916191336,
                0.8823985618644433
            ],
            [
                0.1954136545070321,
                -0.9335484367867255,
                -0.30050094809379135
            ],
            [
                0.8821621346902077,
                0.30119430589657775,
                -0.36203861425861067
            ]
        ],
        "translation_vector": [
            -17.596100333514492,
            -2.3459863327998383,
            44.23405797776311
        ]
    },
    "000007.png": {
        "rotation_matrix": [
            [
                0.826557774992113,
                -0.19863542412577018,
                0.5266366991413178
            ],
            [
                -0.11581231778389199,
                -0.975657037224764,
                -0.18622795913427742
            ],
            [
                0.5508082712247613,
                0.09293715078573629,
                -0.8294413387058901
            ]
        ],
        "translation_vector": [
            -17.35832096582081,
            -1.9579008747320366,
            44.60573877405728
        ]
    },
    "000008.png": {
        "rotation_matrix": [
            [
                0.3849913495468021,
                -0.14289466403982423,
                0.9117909715296979
            ],
            [
                0.04800251677836436,
                -0.9835038204192065,
                -0.17440181651508307
            ],
            [
                0.9216709929020587,
                0.11091145211277165,
                -0.3717811595995168
            ]
        ],
        "translation_vector": [
            -17.089870133925885,
            -1.607805197252567,
            45.059565645401584
        ]
    },
    "000009.png": {
        "rotation_matrix": [
            [
                0.7051261167376709,
                -0.44307567285584976,
                0.553607358709925
            ],
            [
                -0.14025650202029052,
                -0.8524642000093501,
                -0.5036197984029638
            ],
            [
                0.695072135202869,
                0.27746844113474545,
                -0.6632390150155293
            ]
        ],
        "translation_vector": [
            -16.827866291024055,
            -1.347814030506723,
            45.37412893714702
        ]
    },
    "000010.png": {
        "rotation_matrix": [
            [
                0.6877086563283875,
                -0.4699006738243633,
                0.5533987357687161
            ],
            [
                -0.27603652849720817,
                -0.8742672486428745,
                -0.39932519690801893
            ],
            [
                0.6714615692250852,
                0.12186112870734225,
                -0.7309509055770838
            ]
        ],
        "translation_vector": [
            -16.933115010132454,
            -1.4267781801250878,
            45.287875431200504
        ]
    },
    "000011.png": {
        "rotation_matrix": [
            [
                0.5572408228920928,
                -0.30649588866036714,
                0.7717142836159193
            ],
            [
                0.22173662898084243,
                -0.8407067768893167,
                -0.4940090916780632
            ],
            [
                0.8001971836183578,
                0.4463993565482196,
                -0.4005147710167251
            ]
        ],
        "translation_vector": [
            -17.24502409795425,
            -1.5117822716993086,
            45.25522500951999
        ]
    },
    "000012.png": {
        "rotation_matrix": [
            [
                0.7371838116765592,
                -0.17373830584012226,
                0.6529739879090342
            ],
            [
                -0.16916419544207162,
                -0.983057150238663,
                -0.07058409413656422
            ],
            [
                0.6541739086683754,
                -0.05842636774990313,
                -0.7540841178337446
            ]
        ],
        "translation_vector": [
            -17.669170783141606,
            -1.9372389317084258,
            44.82420684950146
        ]
    },
    "000013.png": {
        "rotation_matrix": [
            [
                0.5200458300380939,
                0.02274488132298874,
                0.8538354671911934
            ],
            [
                0.16998924165005508,
                -0.9824043035036858,
                -0.07736563953517817
            ],
            [
                0.8370519651629994,
                0.1853765217902501,
                -0.5147616465760826
            ]
        ],
        "translation_vector": [
            -17.62784946114506,
            -1.8713045587099844,
            44.86644857645819
        ]
    },
    "000014.png": {
        "rotation_matrix": [
            [
                0.8166016226585943,
                -0.2466769438203712,
                0.5218354867760455
            ],
            [
                0.041119899707456886,
                -0.8769191777517465,
                -0.4788756723192876
            ],
            [
                0.5757351333029797,
                0.4125084739476784,
                -0.7059502923024806
            ]
        ],
        "translation_vector": [
            -17.62317434339168,
            -1.866473510539537,
            44.8697638038987
        ]
    },
    "000015.png": {
        "rotation_matrix": [
            [
                0.5869627039044395,
                -0.068704144889982,
                0.8066935754672364
            ],
            [
                -0.09470901172311248,
                -0.9953786173948799,
                -0.01586225493039406
            ],
            [
                0.804055338470934,
                -0.0670905992519208,
                -0.5907570263385764
            ]
        ],
        "translation_vector": [
            -17.326619681450556,
            -1.57152049293071,
            45.20286042907615
        ]
    },
    "000016.png": {
        "rotation_matrix": [
            [
                0.7353439678977877,
                0.038507129702923526,
                0.6765991796022058
            ],
            [
                0.1201385720454651,
                -0.9899783183646227,
                -0.07422703466277478
            ],
            [
                0.6669602479782528,
                0.13586806147875374,
                -0.7326007763351002
            ]
        ],
        "translation_vector": [
            -18.040272937048368,
            -2.233499910175915,
            44.78135357233775
        ]
    },
    "000017.png": {
        "rotation_matrix": [
            [
                0.8962843301335026,
                -0.18128089090598903,
                0.4047365045921366
            ],
            [
                0.2471046921697807,
                -0.5536964741621241,
                -0.7952103404811217
            ],
            [
                0.36825761453744255,
                0.8127468567104731,
                -0.45147411469809545
            ]
        ],
        "translation_vector": [
            -19.612972692700787,
            0.8813147810339252,
            47.84029243461865
        ]
    },
    "000018.png": {
        "rotation_matrix": [
            [
                0.8264569816841705,
                -0.5313500091021721,
                -0.18610756366307252
            ],
            [
                -0.4798031979071402,
                -0.49179094831513015,
                -0.7265882977542225
            ],
            [
                0.29454668340275814,
                0.6897889756892456,
                -0.6613874963393311
            ]
        ],
        "translation_vector": [
            -19.78605131277474,
            4.957833727114082,
            49.88258008230106
        ]
    },
    "000019.png": {
        "rotation_matrix": [
            [
                0.7792069404247919,
                -0.2579088529578277,
                -0.5712438774812536
            ],
            [
                -0.5998888915209432,
                -0.042847554939520804,
                -0.7989351693757657
            ],
            [
                0.18157604969712832,
                0.9652186853774056,
                -0.18810376810341575
            ]
        ],
        "translation_vector": [
            -20.175864656845825,
            6.331715046959917,
            49.58519862015147
        ]
    },
    "000020.png": {
        "rotation_matrix": [
            [
                0.667338984972236,
                0.06686862406185529,
                -0.7417460928459958
            ],
            [
                -0.6863439284464361,
                0.44185998425463746,
                -0.5776605977554683
            ],
            [
                0.28912054755921346,
                0.8945883642383049,
                0.3407652675207595
            ]
        ],
        "translation_vector": [
            -10.324142118638164,
            13.78282754709236,
            43.310436686569545
        ]
    },
    "000021.png": {
        "rotation_matrix": [
            [
                0.6402715038805937,
                0.02335546696654167,
                -0.767793542224247
            ],
            [
                -0.7640883992299545,
                0.12199939063322657,
                -0.6334706519226647
            ],
            [
                0.07887534139823127,
                0.9922553455879667,
                0.095958374680985
            ]
        ],
        "translation_vector": [
            -7.440993247584843,
            15.516346993442891,
            42.692935874401556
        ]
    },
    "000022.png": {
        "rotation_matrix": [
            [
                0.6112170030530544,
                0.3093808652894867,
                -0.7284897084870687
            ],
            [
                -0.7501040477546121,
                0.5200868096560641,
                -0.4084772061742579
            ],
            [
                0.25250285685709134,
                0.7961112928570406,
                0.5499537404768711
            ]
        ],
        "translation_vector": [
            -7.0344489805383095,
            15.832881205493496,
            42.9522524542967
        ]
    },
    "000023.png": {
        "rotation_matrix": [
            [
                0.3478047281741532,
                -0.05018463859357239,
                -0.9362229291728201
            ],
            [
                -0.9253209934367579,
                0.14249274998239742,
                -0.3513927650189522
            ],
            [
                0.15103949869128272,
                0.9885227960202464,
                0.0031227525357462316
            ]
        ],
        "translation_vector": [
            -7.894707413116531,
            14.957903566599757,
            42.07664240578901
        ]
    },
    "000024.png": {
        "rotation_matrix": [
            [
                0.24265891845590268,
                0.13847130773655397,
                -0.9601782887711738
            ],
            [
                -0.9595679686532391,
                0.17978840810450264,
                -0.21657664196755994
            ],
            [
                0.14263927519623548,
                0.9739105838037581,
                0.17649989214306974
            ]
        ],
        "translation_vector": [
            -7.693162593077332,
            15.38089537972428,
            42.77017111510869
        ]
    },
    "000025.png": {
        "rotation_matrix": [
            [
                0.6452733688205243,
                -0.05617580118054208,
                -0.7618835599044864
            ],
            [
                -0.7543626547407083,
                0.11066322338915298,
                -0.6470630851174177
            ],
            [
                0.12066177780705775,
                0.9922690816259687,
                0.029031104450117085
            ]
        ],
        "translation_vector": [
            -7.846916696521766,
            15.396007784233912,
            42.885079107448504
        ]
    },
    "000026.png": {
        "rotation_matrix": [
            [
                0.3695949857726961,
                0.0002481320106730994,
                -0.9291929212613405
            ],
            [
                -0.8699785404026765,
                0.3513648452924358,
                -0.34594809542971716
            ],
            [
                0.32639988622931027,
                0.9362385827998788,
                0.13007855452135605
            ]
        ],
        "translation_vector": [
            -7.040075696242604,
            16.258211449263047,
            43.61696696262083
        ]
    },
    "000027.png": {
        "rotation_matrix": [
            [
                0.35081847306710523,
                0.23692573081704071,
                -0.9059760466103263
            ],
            [
                -0.9128396713826166,
                -0.12932527033741348,
                -0.3872966676880034
            ],
            [
                -0.20892614318208635,
                0.9628817022505756,
                0.17090551239235163
            ]
        ],
        "translation_vector": [
            -8.027341306674657,
            15.424636670338998,
            42.72642407655027
        ]
    },
    "000028.png": {
        "rotation_matrix": [
            [
                0.6039395473146101,
                -0.12180000484881695,
                -0.7876685737086632
            ],
            [
                -0.7918086918335306,
                -0.20462289328385602,
                -0.5754723860282127
            ],
            [
                -0.09108248309243872,
                0.9712333552565828,
                -0.22002216004471853
            ]
        ],
        "translation_vector": [
            -12.03651437667475,
            10.251649864931977,
            44.11760615850847
        ]
    },
    "000029.png": {
        "rotation_matrix": [
            [
                0.9909893134268426,
                0.0719033534063409,
                -0.11300481601559374
            ],
            [
                -0.022385935434634463,
                -0.7429109510474114,
                -0.6690158359176165
            ],
            [
                -0.1320569974235054,
                0.6655172624228117,
                -0.7346071894888687
            ]
        ],
        "translation_vector": [
            -14.181748206239828,
            3.8336532079427843,
            41.44876524957099
        ]
    },
    "000030.png": {
        "rotation_matrix": [
            [
                0.9090789618160028,
                0.2059334372958797,
                0.36216965718712907
            ],
            [
                0.3800465774034559,
                -0.7660786044260087,
                -0.5183513970701903
            ],
            [
                0.17070454061757603,
                0.6088636885577947,
                -0.7746902403982763
            ]
        ],
        "translation_vector": [
            -15.189119254849057,
            0.5770791325590165,
            38.56422701878164
        ]
    },
    "000031.png": {
        "rotation_matrix": [
            [
                0.6727943654071038,
                -0.33449409920201506,
                0.6598950215568247
            ],
            [
                -0.01142222517582249,
                -0.8965455122683028,
                -0.44280433286452436
            ],
            [
                0.7397413565892355,
                0.2903787906004776,
                -0.6070114359062098
            ]
        ],
        "translation_vector": [
            -18.96219064692565,
            -3.0239270099176343,
            38.85057549005485
        ]
    },
    "000032.png": {
        "rotation_matrix": [
            [
                0.7642117883295101,
                -0.5990306265852906,
                0.23904529066904623
            ],
            [
                -0.40477755723269343,
                -0.7340097829690053,
                -0.5453299621940186
            ],
            [
                0.5021309308725646,
                0.31998741681295906,
                -0.8034130826308616
            ]
        ],
        "translation_vector": [
            -19.435917191187702,
            -3.4427346778181436,
            39.527022930855715
        ]
    },
    "000033.png": {
        "rotation_matrix": [
            [
                0.9132411113475938,
                -0.3374022743697136,
                0.22836457210951983
            ],
            [
                -0.1145132464299209,
                -0.7504904659932262,
                -0.6508846110067114
            ],
            [
                0.3909953822447265,
                0.5682638169929723,
                -0.7240157770103391
            ]
        ],
        "translation_vector": [
            -19.53493269118166,
            -2.4982383026559285,
            42.66426014975736
        ]
    },
    "000034.png": {
        "rotation_matrix": [
            [
                0.8174315791783155,
                -0.06532594523614366,
                -0.5723094741842458
            ],
            [
                -0.5712018479343146,
                0.036385597930701154,
                -0.820002766568289
            ],
            [
                0.07439127824192537,
                0.997200385650862,
                -0.00757156386110075
            ]
        ],
        "translation_vector": [
            -20.648035518222564,
            5.667442693898772,
            42.42130234019453
        ]
    },
    "000035.png": {
        "rotation_matrix": [
            [
                0.4407897483065997,
                -0.22627420703559614,
                -0.8686221163533748
            ],
            [
                -0.8639320636483983,
                0.15564178578054175,
                -0.47895409374935227
            ],
            [
                0.2435688551273001,
                0.9615485519460029,
                -0.1268802390544727
            ]
        ],
        "translation_vector": [
            -20.22128874919711,
            5.282818077124497,
            41.76513476588866
        ]
    },
    "000036.png": {
        "rotation_matrix": [
            [
                0.7924206805284798,
                -0.578263812951221,
                0.1941144706143677
            ],
            [
                -0.20625834965209883,
                -0.5535087793765145,
                -0.8068987076157164
            ],
            [
                0.5740443870203537,
                0.5993654926538865,
                -0.5578835433548747
            ]
        ],
        "translation_vector": [
            -18.824654160757127,
            0.29523043059578047,
            41.56510442792018
        ]
    },
    "000037.png": {
        "rotation_matrix": [
            [
                0.7416764359175461,
                -0.535179101374824,
                0.4043505828563645
            ],
            [
                0.0017684196274722064,
                -0.6012642342615888,
                -0.7990483047287229
            ],
            [
                0.6707554972541536,
                0.5933503602842597,
                -0.44499709308474344
            ]
        ],
        "translation_vector": [
            -17.841093142673113,
            2.150149492805972,
            41.46280481917038
        ]
    },
    "000038.png": {
        "rotation_matrix": [
            [
                0.8307860953690794,
                -0.556527869473366,
                -0.008437667973730106
            ],
            [
                -0.33494456328432026,
                -0.4877837531666423,
                -0.8061508231546626
            ],
            [
                0.44452964273226453,
                0.6725650456618305,
                -0.5916499438740995
            ]
        ],
        "translation_vector": [
            -17.74301968067551,
            2.89082716996506,
            40.836850553743595
        ]
    },
    "000039.png": {
        "rotation_matrix": [
            [
                0.8607946431561503,
                -0.44651309787253257,
                0.2442511734709789
            ],
            [
                -0.11607402318411886,
                -0.6394943121788835,
                -0.7599827931162056
            ],
            [
                0.4955395074618459,
                0.6258379008330599,
                -0.6023018499268789
            ]
        ],
        "translation_vector": [
            -17.924360416567573,
            2.92197863684395,
            39.001990978734426
        ]
    },
    "000040.png": {
        "rotation_matrix": [
            [
                0.8232458524284411,
                -0.3608668429722036,
                0.43822527095392894
            ],
            [
                0.18969909205231505,
                -0.5527014946535822,
                -0.8115018868013947
            ],
            [
                0.5350518862072134,
                0.7511964985614424,
                -0.3865531006409492
            ]
        ],
        "translation_vector": [
            -16.279701302830258,
            5.679197955309206,
            38.21322797829467
        ]
    },
    "000041.png": {
        "rotation_matrix": [
            [
                0.9242036086434672,
                -0.31381586957062035,
                0.2176402760888438
            ],
            [
                -0.1481068102809296,
                -0.8198090237242316,
                -0.5531523636112667
            ],
            [
                0.3520114522551808,
                0.4789914034990165,
                -0.8041487255820536
            ]
        ],
        "translation_vector": [
            -14.29861938133651,
            7.501337549123647,
            38.39283595125874
        ]
    },
    "000042.png": {
        "rotation_matrix": [
            [
                0.9745566815927593,
                -0.10974427040188253,
                0.19543661242681198
            ],
            [
                0.02974557052131449,
                -0.800899099505813,
                -0.5980600583930845
            ],
            [
                0.22215867166795664,
                0.5886567994381248,
                -0.7772571627704647
            ]
        ],
        "translation_vector": [
            -12.222713885340909,
            9.515774972481502,
            38.055271005760794
        ]
    },
    "000043.png": {
        "rotation_matrix": [
            [
                0.7967778220621735,
                -0.3881065741311802,
                0.4631612995339939
            ],
            [
                0.15429683667891117,
                -0.6103981637334673,
                -0.7769212108712777
            ],
            [
                0.5842410362690562,
                0.6904979137021123,
                -0.42646810280757186
            ]
        ],
        "translation_vector": [
            -12.848079523188204,
            9.081546106151627,
            37.4445114926198
        ]
    },
    "000044.png": {
        "rotation_matrix": [
            [
                0.6944914295948528,
                -0.49477740910429596,
                0.522376272105977
            ],
            [
                0.031191662987588603,
                -0.7046393246714636,
                -0.7088797516410047
            ],
            [
                0.7188245504845854,
                0.5086046967602481,
                -0.47393304174118306
            ]
        ],
        "translation_vector": [
            -14.220348849221462,
            7.85064347506365,
            39.161395945878034
        ]
    },
    "000045.png": {
        "rotation_matrix": [
            [
                0.6270954090794049,
                -0.20680890634968235,
                0.7509869667084657
            ],
            [
                0.17257989073307933,
                -0.9032626413086192,
                -0.3928521122900262
            ],
            [
                0.7595837868372997,
                0.3759610047207359,
                -0.5307407970971165
            ]
        ],
        "translation_vector": [
            -16.577940551153112,
            3.256836526598394,
            37.02887934405636
        ]
    },
    "000046.png": {
        "rotation_matrix": [
            [
                0.7225075639183424,
                -0.34248735773377365,
                0.600570753428198
            ],
            [
                0.16882021411081793,
                -0.7549829959904912,
                -0.6336406008714978
            ],
            [
                0.6704346018728098,
                0.5591986101178661,
                -0.4876621361699992
            ]
        ],
        "translation_vector": [
            -17.730937727105974,
            0.33742668991183766,
            35.285983074612545
        ]
    },
    "000047.png": {
        "rotation_matrix": [
            [
                0.38064963415561726,
                -0.6472388266841919,
                0.6604451205434605
            ],
            [
                -0.40345393489043485,
                -0.758891023698297,
                -0.5111842491426906
            ],
            [
                0.8320641672603263,
                -0.07187708524016792,
                -0.5500026419743438
            ]
        ],
        "translation_vector": [
            -11.415233480103382,
            -0.39672017423754813,
            30.557507857084673
        ]
    },
    "000048.png": {
        "rotation_matrix": [
            [
                0.7401533590726858,
                -0.2625515965390324,
                0.6190635381026895
            ],
            [
                0.11734131721739413,
                -0.8560708313809824,
                -0.5033624409233923
            ],
            [
                0.6621208502434446,
                0.4452071324827063,
                -0.6028155512753625
            ]
        ],
        "translation_vector": [
            -7.296401412766565,
            -2.7213651044543514,
            23.565884308183307
        ]
    },
    "000049.png": {
        "rotation_matrix": [
            [
                0.9100743176799633,
                -0.2951709513839905,
                0.29092756101549044
            ],
            [
                -0.17662600227180125,
                -0.9112599278334951,
                -0.37203306203397857
            ],
            [
                0.3749239811226187,
                0.28719236303210854,
                -0.8814491221818778
            ]
        ],
        "translation_vector": [
            -3.8782635893087747,
            -1.7748605518210088,
            23.408350475906207
        ]
    },
    "000050.png": {
        "rotation_matrix": [
            [
                0.6956476470186213,
                -0.26737663721762706,
                0.6667713889090109
            ],
            [
                0.08178061379838335,
                -0.8926470298958976,
                -0.4432755477406739
            ],
            [
                0.7137130252448931,
                0.36289256521486946,
                -0.5991015804582361
            ]
        ],
        "translation_vector": [
            -5.201769628265764,
            -2.5718298980616963,
            23.068178905039492
        ]
    },
    "000051.png": {
        "rotation_matrix": [
            [
                0.586229381290319,
                -0.662523002483171,
                0.4662599958099053
            ],
            [
                -0.24143303138069172,
                -0.6922453190435184,
                -0.6800783113882296
            ],
            [
                0.7733338243412727,
                0.2861113235141529,
                -0.5657694819329511
            ]
        ],
        "translation_vector": [
            -5.278176123257655,
            -2.648271305189845,
            22.950951373492018
        ]
    },
    "000052.png": {
        "rotation_matrix": [
            [
                0.9756935026806198,
                -0.19474682217507228,
                0.10047817713087318
            ],
            [
                -0.09431587659181631,
                -0.7870594870948631,
                -0.6096243754942031
            ],
            [
                0.19780471240481007,
                0.5853298548909758,
                -0.7862965450285079
            ]
        ],
        "translation_vector": [
            -16.684983911898378,
            2.037795002460705,
            35.110245154215704
        ]
    },
    "000053.png": {
        "rotation_matrix": [
            [
                0.7330970231862347,
                -0.39406089094759894,
                0.5543327239312739
            ],
            [
                -0.05042302454947681,
                -0.8442937982003716,
                -0.5335030467726245
            ],
            [
                0.6782523668891722,
                0.36315836290243264,
                -0.6388190121335313
            ]
        ],
        "translation_vector": [
            -16.601863277701135,
            2.120906587393015,
            35.1933472110462
        ]
    },
    "000054.png": {
        "rotation_matrix": [
            [
                0.8326749995958649,
                -0.5086688918448841,
                0.21887965532987144
            ],
            [
                -0.2971877802214643,
                -0.7439998663503566,
                -0.5984510190129924
            ],
            [
                0.4672598509770172,
                0.43326684311166497,
                -0.7706802672477001
            ]
        ],
        "translation_vector": [
            -16.140033119435046,
            2.5827465988192344,
            35.6551908545081
        ]
    },
    "000055.png": {
        "rotation_matrix": [
            [
                0.7550431893463031,
                -0.3934444921107344,
                0.5245104516112908
            ],
            [
                -0.019197183544752527,
                -0.8128771671598485,
                -0.5821186985951575
            ],
            [
                0.6553939657684552,
                0.429455635354686,
                -0.6213103949688845
            ]
        ],
        "translation_vector": [
            -16.24012660363256,
            2.903360504515383,
            35.07736683464875
        ]
    },
    "000056.png": {
        "rotation_matrix": [
            [
                0.7306412701909049,
                -0.4388678572805321,
                0.5230280471827655
            ],
            [
                -0.0040872311305053255,
                -0.7688456088144856,
                -0.6394213981001655
            ],
            [
                0.682749316246826,
                0.46504992597857603,
                -0.56354408657337
            ]
        ],
        "translation_vector": [
            -17.024033191998488,
            2.200070693635217,
            34.25527416557432
        ]
    },
    "000057.png": {
        "rotation_matrix": [
            [
                0.7336076092922652,
                -0.5191520928286226,
                0.4385213564926494
            ],
            [
                -0.15741838085302096,
                -0.7575578526696926,
                -0.6335026071202097
            ],
            [
                0.6610895014732161,
                0.39571101118132984,
                -0.6374742870671327
            ]
        ],
        "translation_vector": [
            -16.84512946753963,
            2.539344474125443,
            34.393985539579155
        ]
    },
    "000058.png": {
        "rotation_matrix": [
            [
                0.7858902744060617,
                -0.5259182459631282,
                0.3252483284461764
            ],
            [
                0.042393961567395194,
                -0.4789187509418197,
                -0.8768349799243581
            ],
            [
                0.6169110378462906,
                0.7028846481175941,
                -0.3540818306889221
            ]
        ],
        "translation_vector": [
            -16.668286838071495,
            2.9064935021796865,
            34.67451882863974
        ]
    },
    "000059.png": {
        "rotation_matrix": [
            [
                0.7373454524451183,
                -0.6376846435932885,
                0.22289006053164762
            ],
            [
                -0.34838993704502597,
                -0.6416688082214145,
                -0.6832902694473775
            ],
            [
                0.5787453114490549,
                0.42616831872044136,
                -0.6952944905539852
            ]
        ],
        "translation_vector": [
            -17.590942669995304,
            2.4371171226444424,
            34.24513186982414
        ]
    },
    "000060.png": {
        "rotation_matrix": [
            [
                0.9450025581384602,
                -0.32237175695344517,
                0.055196154127946095
            ],
            [
                -0.12819272799317782,
                -0.5203419132479695,
                -0.8442813025331729
            ],
            [
                0.30089331930342716,
                0.7907722451099259,
                -0.5330501540778072
            ]
        ],
        "translation_vector": [
            -17.76406106160336,
            2.3003952788490496,
            34.093943147676754
        ]
    },
    "000061.png": {
        "rotation_matrix": [
            [
                0.9372322957033453,
                -0.198878799066096,
                -0.2864312259036442
            ],
            [
                -0.34453459378285,
                -0.654809877695288,
                -0.6726960218104228
            ],
            [
                -0.0537730190478795,
                0.7291579028953259,
                -0.6822295911698399
            ]
        ],
        "translation_vector": [
            -21.28226896812013,
            -1.2425516836408637,
            32.18345466414208
        ]
    },
    "000062.png": {
        "rotation_matrix": [
            [
                0.9737056176279021,
                0.006993791882011982,
                -0.2277025627325563
            ],
            [
                -0.20976947385977418,
                -0.36230406822438993,
                -0.9081478568959169
            ],
            [
                -0.08884896193234988,
                0.9320337166772265,
                -0.351310422476157
            ]
        ],
        "translation_vector": [
            -21.057241153691155,
            -1.0174087619821295,
            32.40855715377859
        ]
    }
}