{
    "000000.png": {
        "rotation_matrix": [
            [
                0.7700041948160836,
                0.16858391027744493,
                -0.615364124044618
            ],
            [
                -0.6380384481588576,
                0.20240616697687533,
                -0.7429257582294245
            ],
            [
                -0.0006918357251984306,
                0.9646819210316397,
                0.2634166141268119
            ]
        ],
        "translation_vector": [
            -19.423617958004726,
            4.227880176443353,
            50.408896959276085
        ]
    },
    "000001.png": {
        "rotation_matrix": [
            [
                0.70655594764536,
                -0.26683768056930135,
                0.6554207389725801
            ],
            [
                -0.26402045697725596,
                -0.958708447875868,
                -0.10569441928959711
            ],
            [
                0.656560653058412,
                -0.09836546243392413,
                -0.747831762267204
            ]
        ],
        "translation_vector": [
            -20.805951025518887,
            -7.001239658099342,
            39.81585235542517
        ]
    },
    "000002.png": {
        "rotation_matrix": [
            [
                0.6797369031734627,
                -0.011713353028608292,
                0.7333624886950312
            ],
            [
                0.02844237297767987,
                -0.9986994356066706,
                -0.042313930782993614
            ],
            [
                0.7329043415641233,
                0.049620909702832144,
                -0.678519706004707
            ]
        ],
        "translation_vector": [
            -20.91636658793063,
            -7.01576599582079,
            39.83284154676481
        ]
    },
    "000003.png": {
        "rotation_matrix": [
            [
                0.802452348826624,
                -0.07761485196404229,
                0.5916469915559701
            ],
            [
                0.16478495132249635,
                -0.9241254109944907,
                -0.3447290886651464
            ],
            [
                0.5735121164197606,
                0.3741231876118609,
                -0.7287768470601022
            ]
        ],
        "translation_vector": [
            -21.093160471526183,
            -7.014057574103391,
            39.80807008376719
        ]
    },
    "000004.png": {
        "rotation_matrix": [
            [
                0.7100778773475587,
                -0.1497206932752436,
                0.6880211639962541
            ],
            [
                0.21904788953697651,
                -0.8816750360260169,
                -0.41793199559008753
            ],
            [
                0.6691841526747152,
                0.4474738482343933,
                -0.5932619362097328
            ]
        ],
        "translation_vector": [
            -21.684952059503782,
            -7.039822994903102,
            39.79327370664754
        ]
    },
    "000005.png": {
        "rotation_matrix": [
            [
                0.45512963671332696,
                -0.49434959101187836,
                0.7405913148637346
            ],
            [
                -0.23999651394652677,
                -0.8690521400624943,
                -0.432608427040349
            ],
            [
                0.8574722660697085,
                0.0191535824116269,
                -0.5141735633053213
            ]
        ],
        "translation_vector": [
            -22.25589829554769,
            -7.019393292122779,
            39.57658064905345
        ]
    },
    "000006.png": {
        "rotation_matrix": [
            [
                0.6339049497710123,
                -0.3750171528558115,
                0.6764071626762473
            ],
            [
                -0.2782690443090014,
                -0.9265985416364145,
                -0.2529456099967438
            ],
            [
                0.7216168329765911,
                -0.027879700521898653,
                -0.691731066718594
            ]
        ],
        "translation_vector": [
            -22.265435020589216,
            -7.015321019874562,
            39.564723290688384
        ]
    },
    "000007.png": {
        "rotation_matrix": [
            [
                0.6721270361352626,
                -0.42539727326723614,
                0.6060382885534773
            ],
            [
                -0.29132983769399856,
                -0.904406099991227,
                -0.311731506216242
            ],
            [
                0.6807144577318862,
                0.03296613710247079,
                -0.7318067100261689
            ]
        ],
        "translation_vector": [
            -22.423050968544825,
            -7.02263087745605,
            39.54100877133327
        ]
    },
    "000008.png": {
        "rotation_matrix": [
            [
                0.8135511140988451,
                -0.25446722048655523,
                0.5228585070995474
            ],
            [
                -0.07641526554939397,
                -0.9381523258341382,
                -0.3376846468571011
            ],
            [
                0.576450598004318,
                0.23476934899989907,
                -0.7826800501038848
            ]
        ],
        "translation_vector": [
            -22.541173542671103,
            -7.059108605997785,
            39.608262236656365
        ]
    },
    "000009.png": {
        "rotation_matrix": [
            [
                0.47404032001275187,
                -0.15953473336570764,
                0.865929814622485
            ],
            [
                0.2406692559446579,
                -0.922522749363429,
                -0.301711925766907
            ],
            [
                0.8469734849717806,
                0.3514263020276988,
                -0.39891787375083115
            ]
        ],
        "translation_vector": [
            -22.544685283211884,
            -7.064633022694552,
            39.657309944959195
        ]
    },
    "000010.png": {
        "rotation_matrix": [
            [
                0.5821509835507096,
                -0.09571396593415074,
                0.8074274388922499
            ],
            [
                -0.11199338539017376,
                -0.9930210739684909,
                -0.03696793588115099
            ],
            [
                0.8053308102759943,
                -0.06890561210540908,
                -0.5888075259714243
            ]
        ],
        "translation_vector": [
            -22.570419697407097,
            -7.064082867399732,
            39.65057074392586
        ]
    },
    "000011.png": {
        "rotation_matrix": [
            [
                0.49131443987343176,
                -0.317456009347109,
                0.8110683098859556
            ],
            [
                -0.29470443278211633,
                -0.9368770330214301,
                -0.1881773692438316
            ],
            [
                0.8196093084332456,
                -0.14657116744560147,
                -0.5538569078771215
            ]
        ],
        "translation_vector": [
            -22.842330332392056,
            -7.109088506137114,
            39.65791877508218
        ]
    },
    "000012.png": {
        "rotation_matrix": [
            [
                0.7270953204343051,
                -0.1294994983772091,
                0.6742123366733881
            ],
            [
                -0.11633162859925854,
                -0.9910872962374024,
                -0.06490703678557108
            ],
            [
                0.6766087105484108,
                -0.03123861643688068,
                -0.7356798227851093
            ]
        ],
        "translation_vector": [
            -22.840179168741034,
            -7.108247317307855,
            39.65319846390203
        ]
    },
    "000013.png": {
        "rotation_matrix": [
            [
                0.4208720276740471,
                -0.509891594907145,
                0.7502514896783576
            ],
            [
                -0.11932055802631333,
                -0.8510015703388889,
                -0.5114283250984877
            ],
            [
                0.899238200230526,
                0.12572544978564693,
                -0.41900330609957165
            ]
        ],
        "translation_vector": [
            -22.86131350687586,
            -7.104768604440783,
            39.63298453072739
        ]
    },
    "000014.png": {
        "rotation_matrix": [
            [
                0.77927432496981,
                -0.026725814358395855,
                0.6261128151457432
            ],
            [
                0.03950443125959794,
                -0.9950082647145182,
                -0.09164034624912337
            ],
            [
                0.625436588595281,
                0.09614719962996363,
                -0.7743286057286101
            ]
        ],
        "translation_vector": [
            -22.861059383592817,
            -7.104358550740677,
            39.63187876369756
        ]
    },
    "000015.png": {
        "rotation_matrix": [
            [
                0.71833051465613,
                -0.2597057688742332,
                0.6454100908161344
            ],
            [
                0.16850047487944989,
                -0.8351415261377038,
                -0.523589745206851
            ],
            [
                0.6749880455824735,
                0.48486239793761954,
                -0.5561470968969647
            ]
        ],
        "translation_vector": [
            -22.87328805900744,
            -7.118188870487593,
            39.65619205151927
        ]
    },
    "000016.png": {
        "rotation_matrix": [
            [
                0.8440271647019186,
                -0.11388377149929063,
                0.5240693006028267
            ],
            [
                0.09116466789207643,
                -0.9325046479650513,
                -0.34946256573730666
            ],
            [
                0.5284951736519132,
                0.3427325022706066,
                -0.7766770778862738
            ]
        ],
        "translation_vector": [
            -22.987617485296155,
            -7.180844458423704,
            39.83400902408996
        ]
    },
    "000017.png": {
        "rotation_matrix": [
            [
                0.7527684947232265,
                -0.5970287357578845,
                0.2773017887274819
            ],
            [
                -0.02917090928300134,
                -0.45108849538088047,
                -0.8920023696081798
            ],
            [
                0.6576386936637182,
                0.66338213573652,
                -0.3569810787449702
            ]
        ],
        "translation_vector": [
            -24.95134655198396,
            -4.45705907824925,
            42.50191857533547
        ]
    },
    "000018.png": {
        "rotation_matrix": [
            [
                0.9964291723341933,
                -0.08400240658013597,
                -0.00851470552235091
            ],
            [
                -0.054248074446211436,
                -0.5596649199695528,
                -0.8269415479792658
            ],
            [
                0.06469969814663076,
                0.8244505886008037,
                -0.5622234217955663
            ]
        ],
        "translation_vector": [
            -25.482514917480948,
            -0.7386298775921251,
            44.18611647759485
        ]
    },
    "000019.png": {
        "rotation_matrix": [
            [
                0.9406190965091599,
                -0.33603130217505606,
                -0.048152665978455356
            ],
            [
                -0.10337132239891456,
                -0.14842241364309558,
                -0.9835065616628403
            ],
            [
                0.32334205570540353,
                0.9300826582013552,
                -0.17434495669594163
            ]
        ],
        "translation_vector": [
            -24.84510566084899,
            1.66247404295675,
            44.915957616148305
        ]
    },
    "000020.png": {
        "rotation_matrix": [
            [
                0.6917096347722254,
                0.2189291934136609,
                -0.6881916807362022
            ],
            [
                -0.7196672641520355,
                0.2883221924355434,
                -0.6316243680045015
            ],
            [
                0.06013992077812441,
                0.9321696849932449,
                0.3569914120933381
            ]
        ],
        "translation_vector": [
            -15.413293246718574,
            8.69367641901195,
            38.221285558489136
        ]
    },
    "000021.png": {
        "rotation_matrix": [
            [
                0.5062950639442805,
                -0.13818021584015108,
                -0.8512176784912452
            ],
            [
                -0.7983798149476182,
                0.2980035440125103,
                -0.5232433074967988
            ],
            [
                0.3259677580833151,
                0.9445105164614909,
                0.04055742821955444
            ]
        ],
        "translation_vector": [
            -12.70526332777373,
            10.252076913254003,
            37.42866579421267
        ]
    },
    "000022.png": {
        "rotation_matrix": [
            [
                0.5366606091241469,
                -0.07681014955118656,
                -0.8402949431838962
            ],
            [
                -0.8024118805402294,
                0.26159743921454287,
                -0.5363785545342858
            ],
            [
                0.2610183223116645,
                0.9621158873661327,
                0.07875566452824956
            ]
        ],
        "translation_vector": [
            -12.627647473237673,
            10.239682712794133,
            37.35905396159733
        ]
    },
    "000023.png": {
        "rotation_matrix": [
            [
                0.2861579527546857,
                0.44250187105603844,
                -0.8498857100735084
            ],
            [
                -0.9334775011266343,
                0.328858503995488,
                -0.14307983519777828
            ],
            [
                0.21617904839651064,
                0.8342926216033282,
                0.5071710170865685
            ]
        ],
        "translation_vector": [
            -12.612630998832735,
            10.239979980883554,
            37.3587188200728
        ]
    },
    "000024.png": {
        "rotation_matrix": [
            [
                0.5885069015962523,
                0.29195099138609726,
                -0.7539391523208311
            ],
            [
                -0.7675028680002206,
                0.49489409341632346,
                -0.407454517600518
            ],
            [
                0.254163282920674,
                0.8184402573983697,
                0.5153218127390642
            ]
        ],
        "translation_vector": [
            -12.674432340226149,
            10.399625632575463,
            37.78890136795987
        ]
    },
    "000025.png": {
        "rotation_matrix": [
            [
                0.5890902117179662,
                -0.05940488911173519,
                -0.8058807489993179
            ],
            [
                -0.7733832125677345,
                0.24759902954131263,
                -0.5835864349765234
            ],
            [
                0.23420317883515088,
                0.9670396991436386,
                0.09991542075019119
            ]
        ],
        "translation_vector": [
            -12.758520962867133,
            10.484403517888545,
            37.97347484110314
        ]
    },
    "000026.png": {
        "rotation_matrix": [
            [
                0.4308266662724476,
                -0.09631661598454755,
                -0.8972800527783129
            ],
            [
                -0.8911530924770599,
                0.11131959928238988,
                -0.4398341876027585
            ],
            [
                0.14224819646357398,
                0.989106190608921,
                -0.03787339834193826
            ]
        ],
        "translation_vector": [
            -12.796798549888615,
            10.501488595617035,
            37.86024410897482
        ]
    },
    "000027.png": {
        "rotation_matrix": [
            [
                0.5053480546427362,
                0.40529533694615816,
                -0.7618129911720476
            ],
            [
                -0.8551274165229996,
                0.3535545371066716,
                -0.37915206817580127
            ],
            [
                0.11567387423053807,
                0.843050935081023,
                0.5252472519485565
            ]
        ],
        "translation_vector": [
            -12.974752804654408,
            10.477225172359248,
            37.77901257857052
        ]
    },
    "000028.png": {
        "rotation_matrix": [
            [
                0.5981576828975014,
                0.1370799016356345,
                -0.7895672782975779
            ],
            [
                -0.6682675543352364,
                -0.4584620029341271,
                -0.5858592558698874
            ],
            [
                -0.4422961250265277,
                0.8780784090462429,
                -0.1826265187570657
            ]
        ],
        "translation_vector": [
            -16.742813305659983,
            5.545350935946745,
            39.41130722952324
        ]
    },
    "000029.png": {
        "rotation_matrix": [
            [
                0.9645438743942779,
                -0.23644449264202494,
                -0.1172566256879806
            ],
            [
                -0.2227052345535615,
                -0.49076065322864193,
                -0.8423516841231101
            ],
            [
                0.1416244783606243,
                0.8385988213334504,
                -0.5260176080581609
            ]
        ],
        "translation_vector": [
            -19.81825058564578,
            -1.8028491714631687,
            35.812262870165036
        ]
    },
    "000030.png": {
        "rotation_matrix": [
            [
                0.8838817619807546,
                0.054125327315306476,
                0.464568057211005
            ],
            [
                0.41430407767241495,
                -0.5515308080428585,
                -0.7239930241401511
            ],
            [
                0.21703723657890212,
                0.832396670297643,
                -0.5099123662116766
            ]
        ],
        "translation_vector": [
            -20.265076667118837,
            -4.4988782797107625,
            33.48826960651186
        ]
    },
    "000031.png": {
        "rotation_matrix": [
            [
                0.5647812344665895,
                -0.7769943457819792,
                0.2780322711794915
            ],
            [
                -0.43391842562783434,
                -0.5661821548456588,
                -0.7008227789070394
            ],
            [
                0.7019522470190218,
                0.2751682288294876,
                -0.6569212195901315
            ]
        ],
        "translation_vector": [
            -23.883787562911987,
            -7.945523925903971,
            33.928978574068516
        ]
    },
    "000032.png": {
        "rotation_matrix": [
            [
                0.8740918067691388,
                -0.394482680121564,
                0.2834553376163038
            ],
            [
                0.06469178896857623,
                -0.48379655734448546,
                -0.8727862645239509
            ],
            [
                0.48143378130238224,
                0.7812325557641171,
                -0.39736281662374745
            ]
        ],
        "translation_vector": [
            -24.068254891483583,
            -8.075072378114026,
            34.89468523055983
        ]
    },
    "000033.png": {
        "rotation_matrix": [
            [
                0.9403671014516686,
                -0.20431062135568342,
                0.27196853587988784
            ],
            [
                0.130013973012866,
                -0.5229453667638578,
                -0.8423921356480198
            ],
            [
                0.31433434640332425,
                0.8275175607692422,
                -0.4651973831501268
            ]
        ],
        "translation_vector": [
            -25.143997650865636,
            -8.107303262339906,
            37.055195190073384
        ]
    },
    "000034.png": {
        "rotation_matrix": [
            [
                0.7585367986324282,
                -0.44527426395105824,
                -0.47576544114017866
            ],
            [
                -0.4006943640862033,
                0.25704266193856706,
                -0.8794163385638722
            ],
            [
                0.5138734783096114,
                0.8577061850111478,
                0.0165574298610167
            ]
        ],
        "translation_vector": [
            -26.132015693995296,
            0.1834625181260409,
            36.9373221644218
        ]
    },
    "000035.png": {
        "rotation_matrix": [
            [
                0.5446423628512809,
                -0.30745882509023303,
                -0.7802780065219744
            ],
            [
                -0.6104563572544196,
                0.4926206208171973,
                -0.6202160589934308
            ],
            [
                0.5750719367830751,
                0.8141216093556364,
                0.08061186454083592
            ]
        ],
        "translation_vector": [
            -24.915491344775454,
            0.5886154815461543,
            37.07093217031032
        ]
    },
    "000036.png": {
        "rotation_matrix": [
            [
                0.8055228423316347,
                -0.4934227576717084,
                0.32812639743490746
            ],
            [
                -0.03312134360158686,
                -0.5903652046433358,
                -0.8064563855190546
            ],
            [
                0.5916383414553099,
                0.638751052725613,
                -0.49189548235568425
            ]
        ],
        "translation_vector": [
            -23.901003655823224,
            -4.781119064470315,
            36.488754932854086
        ]
    },
    "000037.png": {
        "rotation_matrix": [
            [
                0.984092370830927,
                -0.14219177918071887,
                0.1065068242216741
            ],
            [
                0.021254921817350017,
                -0.5009673846238573,
                -0.8652051247199535
            ],
            [
                0.17638150121513083,
                0.8537055566625729,
                -0.48997590609390446
            ]
        ],
        "translation_vector": [
            -23.21549807502649,
            -3.224255439547404,
            36.088399886817
        ]
    },
    "000038.png": {
        "rotation_matrix": [
            [
                0.8734552722816311,
                -0.47050412441377293,
                0.12530664879826067
            ],
            [
                -0.2883040371658089,
                -0.707155976349446,
                -0.6456091753275798
            ],
            [
                0.39237312532501206,
                0.5277843252910138,
                -0.7533173544395428
            ]
        ],
        "translation_vector": [
            -23.209310895460046,
            -2.5754640448194777,
            35.370559338959055
        ]
    },
    "000039.png": {
        "rotation_matrix": [
            [
                0.8711326190436494,
                -0.45337788151014063,
                0.18861722242554935
            ],
            [
                -0.09723466246948115,
                -0.535770139956191,
                -0.8387465514359923
            ],
            [
                0.48132461027107093,
                0.7123193481077854,
                -0.5108108905051861
            ]
        ],
        "translation_vector": [
            -22.988998566320088,
            -2.1426595129085646,
            33.937352828981915
        ]
    },
    "000040.png": {
        "rotation_matrix": [
            [
                0.8112654349035731,
                -0.06403009405006152,
                0.5811613727585969
            ],
            [
                0.4300923828318557,
                -0.6079812755888515,
                -0.6673674480849134
            ],
            [
                0.39606683319956637,
                0.7913652226306722,
                -0.46569533823087983
            ]
        ],
        "translation_vector": [
            -21.007713996203716,
            0.9511852619357476,
            33.48521528492121
        ]
    },
    "000041.png": {
        "rotation_matrix": [
            [
                0.9488392707874045,
                -0.1547990450235517,
                0.27521136217718745
            ],
            [
                0.0022061108324577944,
                -0.8683142640010546,
                -0.4960095483025524
            ],
            [
                0.31575175579341047,
                0.4712404848822983,
                -0.8235491692189818
            ]
        ],
        "translation_vector": [
            -19.00796129112416,
            2.7919956393359957,
            33.683494041471086
        ]
    },
    "000042.png": {
        "rotation_matrix": [
            [
                0.9824628083413136,
                -0.1433579785771965,
                0.11922801769869262
            ],
            [
                -0.03673943884593711,
                -0.7757336303677754,
                -0.6299901176603623
            ],
            [
                0.18280329280235996,
                0.6145614897589105,
                -0.7673963327029412
            ]
        ],
        "translation_vector": [
            -17.55170372294591,
            4.186785134876501,
            32.72628116815579
        ]
    },
    "000043.png": {
        "rotation_matrix": [
            [
                0.793163212894855,
                0.10555755653535101,
                0.5997913970445035
            ],
            [
                0.4547709577823135,
                -0.7577090519504509,
                -0.46803885367574566
            ],
            [
                0.40506233306500883,
                0.6439989090446001,
                -0.6489914571712766
            ]
        ],
        "translation_vector": [
            -17.552777132065422,
            4.376848497274408,
            32.739813883742585
        ]
    },
    "000044.png": {
        "rotation_matrix": [
            [
                0.9214320725197219,
                -0.3233728839824677,
                0.2153901428498326
            ],
            [
                -0.03146470968569845,
                -0.6146417838566501,
                -0.7881785645283116
            ],
            [
                0.38726335713104143,
                0.7194758199150105,
                -0.5765254866709876
            ]
        ],
        "translation_vector": [
            -19.988306082232896,
            2.0826862420522154,
            33.3934387128666
        ]
    },
    "000045.png": {
        "rotation_matrix": [
            [
                0.8047233627872646,
                -0.4819292587834181,
                0.34664751392851734
            ],
            [
                -0.2730937442149913,
                -0.8189962849131739,
                -0.504643331640334
            ],
            [
                0.5271054128492643,
                0.31143101134422135,
                -0.7906773102335252
            ]
        ],
        "translation_vector": [
            -21.650288346023814,
            -1.8155112682723094,
            31.95653154918565
        ]
    },
    "000046.png": {
        "rotation_matrix": [
            [
                0.638235600766256,
                -0.3426119613537152,
                0.6894000013431171
            ],
            [
                0.21919008121214084,
                -0.7775719124999024,
                -0.5893535689121197
            ],
            [
                0.7379776596975984,
                0.5272560714004134,
                -0.4211769330799714
            ]
        ],
        "translation_vector": [
            -22.702833032034377,
            -4.634468615016565,
            30.31408776968414
        ]
    },
    "000047.png": {
        "rotation_matrix": [
            [
                0.7315783263965973,
                -0.11154510932893777,
                0.6725703241532069
            ],
            [
                -0.15893384609327343,
                -0.987246888830425,
                0.009144017751885003
            ],
            [
                0.662972989580084,
                -0.1135837535893337,
                -0.7399767199093523
            ]
        ],
        "translation_vector": [
            -16.920073993243097,
            -5.901560687377263,
            25.052667343944957
        ]
    },
    "000048.png": {
        "rotation_matrix": [
            [
                0.6107424975109305,
                -0.39008068267473606,
                0.6890795764917996
            ],
            [
                0.05540333771645144,
                -0.8470531504556803,
                -0.5286127414970041
            ],
            [
                0.789888645255762,
                0.36102357444786565,
                -0.4957195848349131
            ]
        ],
        "translation_vector": [
            -11.985459652957633,
            -7.4104233446454195,
            18.876826067992237
        ]
    },
    "000049.png": {
        "rotation_matrix": [
            [
                0.8605394172102839,
                -0.25389999491090637,
                0.4415956340495561
            ],
            [
                0.030968611546673745,
                -0.8392400791574185,
                -0.5428784713310377
            ],
            [
                0.5084415959835102,
                0.4808439269868082,
                -0.7143362383035381
            ]
        ],
        "translation_vector": [
            -9.496505522197436,
            -7.3931024847096705,
            17.790108543017546
        ]
    },
    "000050.png": {
        "rotation_matrix": [
            [
                0.8423536623308979,
                -0.40139249272963057,
                0.35961698282759025
            ],
            [
                -0.3210507543982597,
                -0.9097059026302652,
                -0.26336587444079623
            ],
            [
                0.432858776806055,
                0.10639190523696018,
                -0.8951614613252838
            ]
        ],
        "translation_vector": [
            -9.934220006521253,
            -7.304280276317185,
            18.335728526784003
        ]
    },
    "000051.png": {
        "rotation_matrix": [
            [
                0.8620512550412988,
                -0.450616172591899,
                0.23197564242900193
            ],
            [
                -0.21221824622405291,
                -0.7365821548988338,
                -0.6421916731429769
            ],
            [
                0.46025107240647206,
                0.5043726738069944,
                -0.7306005449392124
            ]
        ],
        "translation_vector": [
            -9.944539404620155,
            -7.314634586552345,
            18.284588092129518
        ]
    },
    "000052.png": {
        "rotation_matrix": [
            [
                0.8477947022949235,
                -0.5278014757604739,
                0.051669574661852846
            ],
            [
                -0.31134123730008373,
                -0.5742253242545563,
                -0.7571868401796293
            ],
            [
                0.429314309937514,
                0.6258521224457293,
                -0.6511515523386706
            ]
        ],
        "translation_vector": [
            -21.8166471771338,
            -3.093868262774715,
            29.978581888980283
        ]
    },
    "000053.png": {
        "rotation_matrix": [
            [
                0.7534622982891305,
                -0.6226100970606435,
                0.21130838150673906
            ],
            [
                -0.21781481382314982,
                -0.5396040245434728,
                -0.8132553126636641
            ],
            [
                0.6203638222334118,
                0.5667311211982482,
                -0.5421849908742664
            ]
        ],
        "translation_vector": [
            -21.816638123936286,
            -3.0938682588421385,
            29.97857236481105
        ]
    },
    "000054.png": {
        "rotation_matrix": [
            [
                0.9310709835375093,
                -0.21355735093152106,
                0.29580412687723845
            ],
            [
                0.12801303153934127,
                -0.5680060394087533,
                -0.8130078738556523
            ],
            [
                0.34164233837538593,
                0.7948348237579252,
                -0.5015158178672983
            ]
        ],
        "translation_vector": [
            -21.816646422915966,
            -3.0938667046616875,
            29.978577551027175
        ]
    },
    "000055.png": {
        "rotation_matrix": [
            [
                0.8026797096832978,
                -0.5498860052968697,
                0.23093433014902548
            ],
            [
                -0.06738847413796686,
                -0.4683475126779182,
                -0.8809707151328897
            ],
            [
                0.592590986445191,
                0.6915750057275418,
                -0.4129890243539858
            ]
        ],
        "translation_vector": [
            -21.921108526654095,
            -2.777621418506151,
            29.396384911627216
        ]
    },
    "000056.png": {
        "rotation_matrix": [
            [
                0.9303772584109316,
                -0.3266696567144069,
                0.16638837824154606
            ],
            [
                -0.20768799766191853,
                -0.8436690244785514,
                -0.49506390775595205
            ],
            [
                0.30209907755394294,
                0.4260393321249841,
                -0.8527758409005004
            ]
        ],
        "translation_vector": [
            -21.91467410413506,
            -2.690570218501356,
            29.364633253437745
        ]
    },
    "000057.png": {
        "rotation_matrix": [
            [
                0.7192674373115402,
                -0.5815460324842153,
                0.38007705235275996
            ],
            [
                -0.07656747101482439,
                -0.6101070252494818,
                -0.7886107025165378
            ],
            [
                0.6905011049996146,
                0.5381204603461022,
                -0.48335762552298206
            ]
        ],
        "translation_vector": [
            -21.919663435889944,
            -2.535189494224873,
            29.31945157122884
        ]
    },
    "000058.png": {
        "rotation_matrix": [
            [
                0.830095990224119,
                -0.16852311562291783,
                0.5315454886597987
            ],
            [
                0.20278278449069945,
                -0.7967423799004933,
                -0.5692808818015027
            ],
            [
                0.51944180552593,
                0.5803460515685814,
                -0.6271990681599579
            ]
        ],
        "translation_vector": [
            -22.04771178220988,
            -2.4729314419587,
            29.295093884501355
        ]
    },
    "000059.png": {
        "rotation_matrix": [
            [
                0.9424074722320426,
                -0.19300394672228655,
                0.2731622829580063
            ],
            [
                0.13003875184788322,
                -0.5410222026644569,
                -0.8308940361092632
            ],
            [
                0.3081526882878904,
                0.8185624305901886,
                -0.4847653741009418
            ]
        ],
        "translation_vector": [
            -22.525874531107128,
            -2.497814738467382,
            29.310200008712318
        ]
    },
    "000060.png": {
        "rotation_matrix": [
            [
                0.8808324079658127,
                -0.38722026288073513,
                0.27238710889416834
            ],
            [
                0.06364603982033866,
                -0.4732741741943768,
                -0.8786129623763923
            ],
            [
                0.4691305262848891,
                0.7912471320991984,
                -0.3922301942131147
            ]
        ],
        "translation_vector": [
            -22.52639411704883,
            -2.46193777659642,
            29.331610092231287
        ]
    },
    "000061.png": {
        "rotation_matrix": [
            [
                0.9566712921205626,
                -0.0759569473170327,
                -0.2810882085514273
            ],
            [
                -0.2649128163420885,
                -0.6276898281395471,
                -0.7320018301806688
            ],
            [
                -0.12083558486669402,
                0.7747490056814681,
                -0.6206148077716972
            ]
        ],
        "translation_vector": [
            -26.50127396406166,
            -6.461556679582394,
            26.96444966820055
        ]
    },
    "000062.png": {
        "rotation_matrix": [
            [
                0.9926227403032237,
                -0.09005375285942491,
                -0.08118138351154994
            ],
            [
                -0.10287512844039508,
                -0.27123363744345536,
                -0.9570000114250579
            ],
            [
                0.06416232057280914,
                0.9582915190666788,
                -0.2784969678534869
            ]
        ],
        "translation_vector": [
            -26.501344767811702,
            -6.461512376102676,
            26.964453539658038
        ]
    }
}