{
    "000000.png": {
        "rotation_matrix": [
            [
                0.6936827382081053,
                -0.039709728087411036,
                -0.7191852308045044
            ],
            [
                -0.7170116741244946,
                0.05695078718638469,
                -0.6947307874335497
            ],
            [
                0.0685457356900775,
                0.9975869612891269,
                0.011033439383575448
            ]
        ],
        "translation_vector": [
            -14.34897673722006,
            9.30252139722802,
            55.48353818006075
        ]
    },
    "000001.png": {
        "rotation_matrix": [
            [
                0.6260955829645516,
                -0.2463825996973592,
                0.7397972259738808
            ],
            [
                -0.010617707967727149,
                -0.9513724467326038,
                -0.3078599224899714
            ],
            [
                0.7796740250064707,
                0.184894786742055,
                -0.5982661051453773
            ]
        ],
        "translation_vector": [
            -15.264416345996947,
            -1.4597049785774026,
            45.35738703494711
        ]
    },
    "000002.png": {
        "rotation_matrix": [
            [
                0.6268932540179061,
                -0.24416083915743755,
                0.7398583193347014
            ],
            [
                -0.007406139472399044,
                -0.9514503794148065,
                -0.3077130556371115
            ],
            [
                0.7790699565282623,
                0.18742374484933497,
                -0.5982661136164196
            ]
        ],
        "translation_vector": [
            -16.06873815552195,
            -2.1681375634121096,
            44.680469979173495
        ]
    },
    "000003.png": {
        "rotation_matrix": [
            [
                0.6281126939604086,
                -0.24245739005887504,
                0.7393841070050347
            ],
            [
                -0.004995053918197907,
                -0.951452493022184,
                -0.307755102245635
            ],
            [
                0.7781063507787018,
                0.18961162287081842,
                -0.5988304763037215
            ]
        ],
        "translation_vector": [
            -16.125652315832156,
            -2.0465494184093647,
            44.77557823946122
        ]
    },
    "000004.png": {
        "rotation_matrix": [
            [
                0.623656261764891,
                -0.23646455841025885,
                0.7450754188518622
            ],
            [
                0.003648304367895867,
                -0.9522582315106584,
                -0.30527192860698377
            ],
            [
                0.7816901924910378,
                0.19310301172179978,
                -0.593019114217484
            ]
        ],
        "translation_vector": [
            -16.785275735850036,
            -2.1401466712493544,
            44.69295003030129
        ]
    },
    "000005.png": {
        "rotation_matrix": [
            [
                0.6250832894887484,
                -0.23317854732888968,
                0.7449151940103826
            ],
            [
                -0.006202754015536738,
                -0.9557904449379554,
                -0.29398324987648466
            ],
            [
                0.7805334118694469,
                0.17914349117650247,
                -0.5988949845545093
            ]
        ],
        "translation_vector": [
            -16.979973775973534,
            -1.7434687725486198,
            44.85250516862761
        ]
    },
    "000006.png": {
        "rotation_matrix": [
            [
                0.6223294930252938,
                -0.2388618698615559,
                0.7454200220259193
            ],
            [
                -0.004042482789418084,
                -0.9532706973027327,
                -0.3020904434053799
            ],
            [
                0.782744952359182,
                0.18498644488232882,
                -0.5942140647662417
            ]
        ],
        "translation_vector": [
            -16.600518021529084,
            -1.3504040208144312,
            45.22964028974852
        ]
    },
    "000007.png": {
        "rotation_matrix": [
            [
                0.6231685047846867,
                -0.24080607983268026,
                0.7440923642667183
            ],
            [
                -0.006417826700645585,
                -0.9529606765972547,
                -0.30302600607826197
            ],
            [
                0.7820612675135231,
                0.18406080727552848,
                -0.5954005316425426
            ]
        ],
        "translation_vector": [
            -17.70825901966072,
            -2.307838928571946,
            44.25580072021737
        ]
    },
    "000008.png": {
        "rotation_matrix": [
            [
                0.6201135177713779,
                -0.23896015910320964,
                0.7472330743740992
            ],
            [
                -0.0014323740370712015,
                -0.9528245499967692,
                -0.3035182452968263
            ],
            [
                0.784510786020063,
                0.18714544954343748,
                -0.5912016638452227
            ]
        ],
        "translation_vector": [
            -17.814474051669833,
            -2.3324091149965165,
            44.334961727657635
        ]
    },
    "000009.png": {
        "rotation_matrix": [
            [
                0.6201060904225857,
                -0.2422591453313577,
                0.7461762145258499
            ],
            [
                -0.0013532612124433799,
                -0.9514558907457545,
                -0.3077821577825531
            ],
            [
                0.7845167973376336,
                0.1898478192356015,
                -0.5903314325246278
            ]
        ],
        "translation_vector": [
            -16.79122128024939,
            -1.3111690197320556,
            45.41077394792169
        ]
    },
    "000010.png": {
        "rotation_matrix": [
            [
                0.6243909700810695,
                -0.23968456977220504,
                0.7434293668495576
            ],
            [
                0.0027605263248630116,
                -0.9510746813127863,
                -0.30894874989258636
            ],
            [
                0.7811070963546745,
                0.19495706598863013,
                -0.5931807873199147
            ]
        ],
        "translation_vector": [
            -16.95865572572786,
            -1.4523188957204916,
            45.2623347156051
        ]
    },
    "000011.png": {
        "rotation_matrix": [
            [
                0.6159817965855392,
                -0.23481567495744882,
                0.7519494830568909
            ],
            [
                0.009955183717446837,
                -0.9521442808836131,
                -0.3054867635393971
            ],
            [
                0.7876974803770794,
                0.19566008068817048,
                -0.5841659115633975
            ]
        ],
        "translation_vector": [
            -17.324310428937693,
            -1.5910686026827525,
            45.17593867853654
        ]
    },
    "000012.png": {
        "rotation_matrix": [
            [
                0.6102351908330695,
                -0.24265064294485966,
                0.7541443345589605
            ],
            [
                0.006511421337143395,
                -0.9503692416385603,
                -0.3110561138115153
            ],
            [
                0.7921935453291079,
                0.1947279384828957,
                -0.5783687549592423
            ]
        ],
        "translation_vector": [
            -17.666268190234394,
            -1.9343363388012156,
            44.82710944240867
        ]
    },
    "000013.png": {
        "rotation_matrix": [
            [
                0.6219570873913361,
                -0.2416020840683023,
                0.7448475108487301
            ],
            [
                0.0024087626484853237,
                -0.9506168031119441,
                -0.31035768317175655
            ],
            [
                0.7830476226298112,
                0.19482332153797743,
                -0.5906608960128651
            ]
        ],
        "translation_vector": [
            -17.29621466440638,
            -1.5396697619713038,
            45.19808337319687
        ]
    },
    "000014.png": {
        "rotation_matrix": [
            [
                0.6293954617407503,
                -0.22514896914185814,
                0.7437535172585784
            ],
            [
                0.002829369133965649,
                -0.956436518285737,
                -0.29192667086061397
            ],
            [
                0.7770800135188471,
                0.18584167504576593,
                -0.6013397745083328
            ]
        ],
        "translation_vector": [
            -17.429685470945607,
            -1.6729846380934683,
            45.06325267634477
        ]
    },
    "000015.png": {
        "rotation_matrix": [
            [
                0.6259495568489938,
                -0.23934174884481244,
                0.7422281856278722
            ],
            [
                -0.005032497000044744,
                -0.9529609419650398,
                -0.3030513439386743
            ],
            [
                0.7798473095769971,
                0.18595959332338535,
                -0.5977099659504669
            ]
        ],
        "translation_vector": [
            -18.016367273529234,
            -2.2612680850093883,
            44.51311283699747
        ]
    },
    "000016.png": {
        "rotation_matrix": [
            [
                0.6360851648299664,
                -0.2474061731101551,
                0.7308801875753786
            ],
            [
                0.011765559834855234,
                -0.9439837148484684,
                -0.3297822276937555
            ],
            [
                0.7715291534900058,
                0.21836879723960453,
                -0.5975431647229527
            ]
        ],
        "translation_vector": [
            -17.315007810310384,
            -1.5082347834379313,
            45.50661869907573
        ]
    },
    "000017.png": {
        "rotation_matrix": [
            [
                0.8570358776634626,
                -0.39777966554607863,
                0.327507010727495
            ],
            [
                -0.044044122905814706,
                -0.6898490969706125,
                -0.7226121633672375
            ],
            [
                0.5133708402656573,
                0.6048797906087385,
                -0.6087452827563038
            ]
        ],
        "translation_vector": [
            -19.24451174207716,
            1.2497757316575493,
            48.208753385242275
        ]
    },
    "000018.png": {
        "rotation_matrix": [
            [
                0.9194998470453697,
                -0.3750219549729777,
                -0.11780731968676543
            ],
            [
                -0.2702290069137784,
                -0.38540417116817927,
                -0.8822924167579328
            ],
            [
                0.28547559458897165,
                0.8431026972643407,
                -0.45572088690300155
            ]
        ],
        "translation_vector": [
            -20.554954319669207,
            4.188930720219617,
            49.11367707540659
        ]
    },
    "000019.png": {
        "rotation_matrix": [
            [
                0.9055071398833892,
                -0.2731222472466484,
                -0.32474768310051116
            ],
            [
                -0.392147434701007,
                -0.2462623062324789,
                -0.886326839256538
            ],
            [
                0.16210246474877815,
                0.9299242520700309,
                -0.33009646519520564
            ]
        ],
        "translation_vector": [
            -20.000142028654405,
            6.507437675151333,
            49.76092124834289
        ]
    },
    "000020.png": {
        "rotation_matrix": [
            [
                0.47817135358929685,
                0.1816003667692663,
                -0.8592866014292599
            ],
            [
                -0.8641071243921485,
                0.2722543345087739,
                -0.4233160225126335
            ],
            [
                0.15707015687682785,
                0.9449332696706433,
                0.2871063943701638
            ]
        ],
        "translation_vector": [
            -10.64800929338982,
            13.458960372340705,
            42.98656951181789
        ]
    },
    "000021.png": {
        "rotation_matrix": [
            [
                0.4738902559902065,
                0.18642217439308356,
                -0.8606246558007098
            ],
            [
                -0.863949997847894,
                0.28749302656954623,
                -0.4134466844618604
            ],
            [
                0.170347957123529,
                0.9394650246648014,
                0.29729958112214594
            ]
        ],
        "translation_vector": [
            -7.316855733901604,
            15.640484507126128,
            42.81707338808479
        ]
    },
    "000022.png": {
        "rotation_matrix": [
            [
                0.47120861124557417,
                0.19601703269181542,
                -0.8599649804397367
            ],
            [
                -0.8655232989200305,
                0.29045822670924415,
                -0.4080483274852531
            ],
            [
                0.16979948090205807,
                0.936595612541304,
                0.3065237264124501
            ]
        ],
        "translation_vector": [
            -7.255332812855527,
            15.61199737317628,
            42.73136862197948
        ]
    },
    "000023.png": {
        "rotation_matrix": [
            [
                0.4794776409695676,
                0.19620573310579661,
                -0.8553388229857657
            ],
            [
                -0.8638606939132938,
                0.2770430650313175,
                -0.4207039833774992
            ],
            [
                0.15442115568114498,
                0.9406117426518072,
                0.30233037601873464
            ]
        ],
        "translation_vector": [
            -7.363855729197063,
            15.488755250519226,
            42.607494089708474
        ]
    },
    "000024.png": {
        "rotation_matrix": [
            [
                0.48323256449574364,
                0.21292202675210517,
                -0.849205804934612
            ],
            [
                -0.8724809718942926,
                0.19749690952121157,
                -0.44695852650101714
            ],
            [
                0.07254820668532774,
                0.9569008210119508,
                0.2812073549062982
            ]
        ],
        "translation_vector": [
            -7.456393903950321,
            15.61766406885129,
            43.0069398042357
        ]
    },
    "000025.png": {
        "rotation_matrix": [
            [
                0.4913817171520945,
                0.21531223222692683,
                -0.8439103333305702
            ],
            [
                -0.869658404779168,
                0.17393316887609186,
                -0.46199730709352727
            ],
            [
                0.047310327050328865,
                0.9609307443401817,
                0.2727156715999505
            ]
        ],
        "translation_vector": [
            -7.785738484328939,
            15.457185996426738,
            42.94625731964133
        ]
    },
    "000026.png": {
        "rotation_matrix": [
            [
                0.4916086086725068,
                0.2221987116045108,
                -0.8419909194524459
            ],
            [
                -0.8703946603487525,
                0.1554627924475723,
                -0.467166410822504
            ],
            [
                0.02709448496391226,
                0.9625274295965266,
                0.2698274192124326
            ]
        ],
        "translation_vector": [
            -7.173096099946786,
            16.125191045558864,
            43.48394655891665
        ]
    },
    "000027.png": {
        "rotation_matrix": [
            [
                0.4907334722976405,
                0.21657746157006194,
                -0.8439637802101281
            ],
            [
                -0.8707913874971625,
                0.15531299593885556,
                -0.4664764010679039
            ],
            [
                0.030050268342692036,
                0.9638319752074869,
                0.2648110740512315
            ]
        ],
        "translation_vector": [
            -7.726302099610389,
            15.725675877403265,
            43.027463283614544
        ]
    },
    "000028.png": {
        "rotation_matrix": [
            [
                0.7551504326462154,
                0.13523039891574887,
                -0.6414519181383036
            ],
            [
                -0.6135503148475785,
                -0.19881584721973672,
                -0.7642174232800005
            ],
            [
                -0.23087623356391349,
                0.9706621441590135,
                -0.06716521921318704
            ]
        ],
        "translation_vector": [
            -11.24624819999449,
            11.04191604161224,
            44.907872335188735
        ]
    },
    "000029.png": {
        "rotation_matrix": [
            [
                0.9934410042157165,
                -0.008160309654153814,
                0.11405428746530016
            ],
            [
                0.08908760642517746,
                -0.5700565779065788,
                -0.8167612235940644
            ],
            [
                0.07168242130607533,
                0.8215649136445573,
                -0.5655905967605096
            ]
        ],
        "translation_vector": [
            -14.687404239448828,
            3.327997174733785,
            40.94310921636199
        ]
    },
    "000030.png": {
        "rotation_matrix": [
            [
                0.8835695449746159,
                -0.11058446567587688,
                0.4550559692439283
            ],
            [
                0.22017320302936244,
                -0.7595279558710039,
                -0.6120792799288388
            ],
            [
                0.41331419024894533,
                0.6410057411611815,
                -0.6467480343512945
            ]
        ],
        "translation_vector": [
            -14.689769538308223,
            1.0764288490998517,
            39.06357673532247
        ]
    },
    "000031.png": {
        "rotation_matrix": [
            [
                0.7345033548122285,
                -0.5390382366285048,
                0.4122409504428334
            ],
            [
                -0.19473213745937823,
                -0.7493574528746472,
                -0.632884509576368
            ],
            [
                0.6500647786260078,
                0.3845792340645162,
                -0.6553736310809785
            ]
        ],
        "translation_vector": [
            -18.59747158409955,
            -2.659207947091537,
            39.21529455288095
        ]
    },
    "000032.png": {
        "rotation_matrix": [
            [
                0.8269655948845501,
                -0.496313154682725,
                0.26419908661107516
            ],
            [
                -0.16529105076130274,
                -0.663730113096901,
                -0.7294800926047278
            ],
            [
                0.5374074556753647,
                0.5595851941011836,
                -0.6309180906641321
            ]
        ],
        "translation_vector": [
            -18.809181004680795,
            -2.8159984913112366,
            40.15375911736262
        ]
    },
    "000033.png": {
        "rotation_matrix": [
            [
                0.9388588716962051,
                -0.343883380482147,
                0.016977622492782552
            ],
            [
                -0.1744642586763318,
                -0.5176692303455338,
                -0.837604196740912
            ],
            [
                0.2968269554502328,
                0.7834301427578859,
                -0.5460137085609771
            ]
        ],
        "translation_vector": [
            -19.492985904163902,
            -2.4562915156381715,
            42.70620693677512
        ]
    },
    "000034.png": {
        "rotation_matrix": [
            [
                0.6731742480003301,
                -0.28759521559987605,
                -0.6812675126506833
            ],
            [
                -0.6666681097451206,
                0.1626207517638323,
                -0.7273981870644386
            ],
            [
                0.3199844734952868,
                0.943845052463499,
                -0.08225845647784369
            ]
        ],
        "translation_vector": [
            -21.18027613965744,
            5.135202072463898,
            41.889061718759656
        ]
    },
    "000035.png": {
        "rotation_matrix": [
            [
                0.6463001230794753,
                -0.23102093858952144,
                -0.7272726289643182
            ],
            [
                -0.6992124733651761,
                0.20241225872481497,
                -0.6856611368660694
            ],
            [
                0.3056109749305597,
                0.9516609708562888,
                -0.03071365414368119
            ]
        ],
        "translation_vector": [
            -19.972708981231158,
            5.531397845090451,
            42.01371453385462
        ]
    },
    "000036.png": {
        "rotation_matrix": [
            [
                0.9545515746702466,
                -0.28254844971964954,
                0.09485602171488604
            ],
            [
                -0.08790579420250806,
                -0.5709993961110568,
                -0.8162305195142084
            ],
            [
                0.284787399019301,
                0.7707957337724639,
                -0.5698860185668626
            ]
        ],
        "translation_vector": [
            -18.225381275830962,
            0.8945033155219466,
            42.16437731284635
        ]
    },
    "000037.png": {
        "rotation_matrix": [
            [
                0.9257857341003914,
                -0.33212282904955437,
                0.1805967911130191
            ],
            [
                -0.06808502895106386,
                -0.6163725051345861,
                -0.7845058086125601
            ],
            [
                0.37186718511981093,
                0.7139883481810012,
                -0.5932414645764682
            ]
        ],
        "translation_vector": [
            -18.388360285275606,
            1.6028823502034788,
            40.91553767656789
        ]
    },
    "000038.png": {
        "rotation_matrix": [
            [
                0.9206336081219335,
                -0.3241274669701523,
                0.21765832111799188
            ],
            [
                -0.04074860607214729,
                -0.6342113110034838,
                -0.7720852052062771
            ],
            [
                0.3882953910356999,
                0.7019383150610563,
                -0.597083990029609
            ]
        ],
        "translation_vector": [
            -18.567444366513165,
            2.066402484127402,
            40.01242586790593
        ]
    },
    "000039.png": {
        "rotation_matrix": [
            [
                0.9480464772630096,
                -0.1359664106495127,
                0.2876126077283227
            ],
            [
                0.1277730607371429,
                -0.6652074878497318,
                -0.7356446445523215
            ],
            [
                0.29134502209418367,
                0.7341744569812663,
                -0.6132747710587829
            ]
        ],
        "translation_vector": [
            -17.67277989374224,
            3.1735591596692814,
            39.25357150155976
        ]
    },
    "000040.png": {
        "rotation_matrix": [
            [
                0.9406186457263711,
                -0.13310058494435645,
                0.31228320095605205
            ],
            [
                0.14488875626008949,
                -0.6745140572323486,
                -0.7239047139681857
            ],
            [
                0.30699154975551407,
                0.7261645962751327,
                -0.6151757208272133
            ]
        ],
        "translation_vector": [
            -15.549932376025776,
            6.408966882113687,
            38.94299690509915
        ]
    },
    "000041.png": {
        "rotation_matrix": [
            [
                0.9321373814134004,
                -0.16454633709404695,
                0.3225591498015535
            ],
            [
                0.13199426078217233,
                -0.6750967598984885,
                -0.7258249650536489
            ],
            [
                0.3371904762776323,
                0.7191445388261634,
                -0.6075637538433054
            ]
        ],
        "translation_vector": [
            -14.095662418887503,
            7.7042945115726535,
            38.59579291370774
        ]
    },
    "000042.png": {
        "rotation_matrix": [
            [
                0.885523018063289,
                -0.1754879175928283,
                0.4301778414319092
            ],
            [
                0.16635799960049003,
                -0.7447575663573732,
                -0.6462671145295622
            ],
            [
                0.43379027242321533,
                0.6438479309063403,
                -0.6303061489614528
            ]
        ],
        "translation_vector": [
            -12.084310744701884,
            9.654178113120526,
            38.193674146399815
        ]
    },
    "000043.png": {
        "rotation_matrix": [
            [
                0.8677854333755555,
                -0.15807357929289698,
                0.47112756781017556
            ],
            [
                0.19046399086072505,
                -0.7698618759216637,
                -0.6091273759960083
            ],
            [
                0.4589900977217319,
                0.6183247007292438,
                -0.6379675968742348
            ]
        ],
        "translation_vector": [
            -12.138515807905687,
            9.791109821434144,
            38.15407520790232
        ]
    },
    "000044.png": {
        "rotation_matrix": [
            [
                0.8388042330778472,
                -0.2579180212513925,
                0.4794640266844332
            ],
            [
                0.0996458031354808,
                -0.7930604423300072,
                -0.6009374748913721
            ],
            [
                0.535236557503474,
                0.5518454757675373,
                -0.639522007742291
            ]
        ],
        "translation_vector": [
            -14.86283944063156,
            7.2081528836535504,
            38.51890535446793
        ]
    },
    "000045.png": {
        "rotation_matrix": [
            [
                0.8011750653702465,
                -0.3117122910544221,
                0.5108365318128535
            ],
            [
                0.0406542943784738,
                -0.8233052122253234,
                -0.5661411095046921
            ],
            [
                0.5970475215404294,
                0.4743458391598039,
                -0.6469391639823733
            ]
        ],
        "translation_vector": [
            -16.81145046328259,
            3.023326614468915,
            36.79536943192687
        ]
    },
    "000046.png": {
        "rotation_matrix": [
            [
                0.7188949537251722,
                -0.34559235142735567,
                0.6031218551365773
            ],
            [
                -0.04992618632732401,
                -0.891082974935277,
                -0.4510859205287823
            ],
            [
                0.6933234608949019,
                0.29417181784698676,
                -0.6578491621620473
            ]
        ],
        "translation_vector": [
            -17.034974891101946,
            1.033389525915866,
            35.981945910616574
        ]
    },
    "000047.png": {
        "rotation_matrix": [
            [
                0.550387487521584,
                -0.3767131802433959,
                0.7450911309434477
            ],
            [
                -0.321961331038401,
                -0.919162523559657,
                -0.22689459358791447
            ],
            [
                0.7703340281304338,
                -0.11501058696637692,
                -0.6271826288968708
            ]
        ],
        "translation_vector": [
            -11.8759038623927,
            -0.8573905565268669,
            30.096837474795354
        ]
    },
    "000048.png": {
        "rotation_matrix": [
            [
                0.7096597759328938,
                -0.46348022003899025,
                0.5306308397139005
            ],
            [
                -0.2223265487474887,
                -0.861990310632445,
                -0.45556954474350725
            ],
            [
                0.6685461151969253,
                0.20532605779195495,
                -0.7147638084337437
            ]
        ],
        "translation_vector": [
            -6.821758311117812,
            -2.2467220028055985,
            24.04052740983206
        ]
    },
    "000049.png": {
        "rotation_matrix": [
            [
                0.7357698948367942,
                -0.4542571319171989,
                0.5022878855339995
            ],
            [
                -0.2006033692585381,
                -0.8545801213076959,
                -0.47901054738685006
            ],
            [
                0.6468391995650684,
                0.25168089790067033,
                -0.7198998371564874
            ]
        ],
        "translation_vector": [
            -4.44182419525262,
            -2.338421157764854,
            22.844789869962362
        ]
    },
    "000050.png": {
        "rotation_matrix": [
            [
                0.7425063543872479,
                -0.45534871711046127,
                0.49126556923971193
            ],
            [
                -0.19786960811662052,
                -0.8497810289037486,
                -0.48858962442837844
            ],
            [
                0.6399468195704515,
                0.2655743751590993,
                -0.7210674860098188
            ]
        ],
        "translation_vector": [
            -4.911947418830763,
            -2.2820076886266945,
            23.358001114474494
        ]
    },
    "000051.png": {
        "rotation_matrix": [
            [
                0.7375625746640956,
                -0.4585366129159666,
                0.49572736768351033
            ],
            [
                -0.19716524380601164,
                -0.8483496097248109,
                -0.49135405393125164
            ],
            [
                0.6458539425363795,
                0.26466415377854347,
                -0.7161184054434719
            ]
        ],
        "translation_vector": [
            -4.848858200812808,
            -2.2189533827449983,
            23.380269295936863
        ]
    },
    "000052.png": {
        "rotation_matrix": [
            [
                0.8691660919150346,
                -0.35986135830080673,
                0.3391903705399861
            ],
            [
                -0.03203339604346969,
                -0.7254279083124353,
                -0.6875523335567818
            ],
            [
                0.4934816776771726,
                0.5867317552709689,
                -0.642044921445205
            ]
        ],
        "translation_vector": [
            -16.78904895003725,
            1.933729964321833,
            35.006180116076834
        ]
    },
    "000053.png": {
        "rotation_matrix": [
            [
                0.8654237256784965,
                -0.36353197686162103,
                0.3447988933158465
            ],
            [
                -0.0337852359886657,
                -0.7289393332321128,
                -0.6837441087836248
            ],
            [
                0.49990032292642184,
                0.5800792620549411,
                -0.64312340718703
            ]
        ],
        "translation_vector": [
            -16.75297586342716,
            1.9697940016669886,
            35.04223462532018
        ]
    },
    "000054.png": {
        "rotation_matrix": [
            [
                0.8653664012321082,
                -0.36165867564826165,
                0.34690631868983685
            ],
            [
                -0.03161704812311146,
                -0.7302562951571286,
                -0.6824412836657556
            ],
            [
                0.5001413339112953,
                0.5795936039258277,
                -0.6433738418693287
            ]
        ],
        "translation_vector": [
            -17.013889019127646,
            1.7088906991266333,
            34.7813349548155
        ]
    },
    "000055.png": {
        "rotation_matrix": [
            [
                0.8851660074209237,
                -0.37580026711152703,
                0.2743269920102604
            ],
            [
                -0.06755271977256226,
                -0.687155706453294,
                -0.7233627479625939
            ],
            [
                0.4603452718968907,
                0.6217645811137609,
                -0.6336332032924084
            ]
        ],
        "translation_vector": [
            -16.643536944562904,
            2.4999501635850385,
            34.67395649371841
        ]
    },
    "000056.png": {
        "rotation_matrix": [
            [
                0.8838761630608065,
                -0.3785533016380734,
                0.2747004299083311
            ],
            [
                -0.06701209864650497,
                -0.6837514696216938,
                -0.7266314791042062
            ],
            [
                0.46289556814458604,
                0.6238439914025694,
                -0.6297192766487404
            ]
        ],
        "translation_vector": [
            -16.81253081185656,
            2.4115730737771424,
            34.46677654571624
        ]
    },
    "000057.png": {
        "rotation_matrix": [
            [
                0.8798267607000699,
                -0.3784907202987178,
                0.28748851421193244
            ],
            [
                -0.06100579286442721,
                -0.6897894026441629,
                -0.7214352869362549
            ],
            [
                0.47136309188672076,
                0.6171996068109341,
                -0.6299853021773001
            ]
        ],
        "translation_vector": [
            -16.24625866317453,
            3.138215278490542,
            34.992856343944254
        ]
    },
    "000058.png": {
        "rotation_matrix": [
            [
                0.8838065768920278,
                -0.3763128270633481,
                0.2779830765172354
            ],
            [
                -0.06562108312858067,
                -0.6880030995097556,
                -0.7227348120258228
            ],
            [
                0.4632275985856504,
                0.6205162296447695,
                -0.6327557195758973
            ]
        ],
        "translation_vector": [
            -16.822913864650147,
            2.751866475601032,
            34.51989180206109
        ]
    },
    "000059.png": {
        "rotation_matrix": [
            [
                0.8886318221870813,
                -0.3646916121823006,
                0.2780890371811504
            ],
            [
                -0.05717305682228941,
                -0.6897194704177256,
                -0.7218159694134543
            ],
            [
                0.45504365303788163,
                0.6255294398591996,
                -0.633757204061124
            ]
        ],
        "translation_vector": [
            -17.858817823433153,
            2.169241969206594,
            33.97725671638629
        ]
    },
    "000060.png": {
        "rotation_matrix": [
            [
                0.887142543186981,
                -0.37456645532175503,
                0.2695887212318646
            ],
            [
                -0.06453792084172062,
                -0.679116605505832,
                -0.731187727536277
            ],
            [
                0.4569605725236742,
                0.6312690446029592,
                -0.6266469727724724
            ]
        ],
        "translation_vector": [
            -17.845460861877392,
            2.218995478575021,
            34.012543347402726
        ]
    },
    "000061.png": {
        "rotation_matrix": [
            [
                0.9616706914612181,
                -0.2612528856975109,
                -0.08328511811377699
            ],
            [
                -0.2077372202132497,
                -0.4958827263634114,
                -0.8431758826202643
            ],
            [
                0.17898248104933132,
                0.8281589529849408,
                -0.5311478325930666
            ]
        ],
        "translation_vector": [
            -21.525947468404578,
            -1.4862301839253105,
            31.939776163857633
        ]
    },
    "000062.png": {
        "rotation_matrix": [
            [
                0.9628549873538306,
                -0.2597151854626727,
                -0.07388027996658597
            ],
            [
                -0.20056302225024536,
                -0.5046976954165925,
                -0.8396753600928305
            ],
            [
                0.18078923483907766,
                0.8233032604582996,
                -0.5380399556585279
            ]
        ],
        "translation_vector": [
            -20.798785897879405,
            -0.7589535061703785,
            32.667012409590335
        ]
    }
}