{
    "000000.png": {
        "rotation_matrix": [
            [
                0.7365059224493224,
                0.047472888634606636,
                -0.6747631814509139
            ],
            [
                -0.6681884159883078,
                -0.10419317112093411,
                -0.7366600463109153
            ],
            [
                -0.1052770959711033,
                0.9934234283206985,
                -0.04501805335019651
            ]
        ],
        "translation_vector": [
            -19.683347914317963,
            3.516325395862617,
            51.477948277652224
        ]
    },
    "000001.png": {
        "rotation_matrix": [
            [
                0.5348740265164196,
                -0.2563681183901979,
                0.8050994743702062
            ],
            [
                -0.07107412760872597,
                -0.9631318032526424,
                -0.2594717671500542
            ],
            [
                0.8419371972675702,
                0.08156296608377402,
                -0.5333753260330344
            ]
        ],
        "translation_vector": [
            -19.07525384387526,
            -6.336622010503939,
            35.17469468733821
        ]
    },
    "000002.png": {
        "rotation_matrix": [
            [
                0.5217413619174562,
                -0.3280186772616107,
                0.7875212369403511
            ],
            [
                -0.11326474121635977,
                -0.9415870946903607,
                -0.3171511335463846
            ],
            [
                0.84555132881553,
                0.0762724752457194,
                -0.528417883741819
            ]
        ],
        "translation_vector": [
            -19.1204071264193,
            -5.953106208216424,
            35.12339510710201
        ]
    },
    "000003.png": {
        "rotation_matrix": [
            [
                0.5376856039390148,
                -0.32016712064702735,
                0.7799917987859419
            ],
            [
                -0.10579454559335308,
                -0.9434053041663955,
                -0.31431504290028306
            ],
            [
                0.836481742442376,
                0.08648379574985508,
                -0.5411273857727623
            ]
        ],
        "translation_vector": [
            -19.514855569684162,
            -6.045115059431698,
            35.57272999717934
        ]
    },
    "000004.png": {
        "rotation_matrix": [
            [
                0.5585114990615935,
                -0.28656027289275,
                0.7784266923838138
            ],
            [
                -0.09060729365912368,
                -0.9538928630388295,
                -0.2861445861437087
            ],
            [
                0.8245333369559665,
                0.08928390584656143,
                -0.5587245836770037
            ]
        ],
        "translation_vector": [
            -20.27033137034675,
            -6.267871285977599,
            36.14143333562036
        ]
    },
    "000005.png": {
        "rotation_matrix": [
            [
                0.5296948128209403,
                -0.308609877356373,
                0.7900527506873658
            ],
            [
                -0.09460645468154302,
                -0.9471435381179362,
                -0.30654320565627724
            ],
            [
                0.8428956186878525,
                0.08763025618770023,
                -0.530893505514336
            ]
        ],
        "translation_vector": [
            -20.80351274765146,
            -6.181752278469739,
            35.77924586182725
        ]
    },
    "000006.png": {
        "rotation_matrix": [
            [
                0.5192266438608637,
                -0.30113310586651676,
                0.7998265717367539
            ],
            [
                -0.10146569670860858,
                -0.9509689670395484,
                -0.29216901977994003
            ],
            [
                0.8485920130995932,
                0.070546979233129,
                -0.5243231055605505
            ]
        ],
        "translation_vector": [
            -20.377647129076802,
            -6.072188709175054,
            34.91319231034968
        ]
    },
    "000007.png": {
        "rotation_matrix": [
            [
                0.5195272783829004,
                -0.3217648822699622,
                0.79155465228489
            ],
            [
                -0.08488303010054117,
                -0.9412394233407879,
                -0.3268994021867454
            ],
            [
                0.8502271921180868,
                0.10264359934695541,
                -0.5163119341019489
            ]
        ],
        "translation_vector": [
            -21.079935329497292,
            -6.200640546151588,
            36.10681943856474
        ]
    },
    "000008.png": {
        "rotation_matrix": [
            [
                0.5436747882670748,
                -0.28927511539515083,
                0.7878690450930749
            ],
            [
                -0.08784242484482409,
                -0.9531825975690895,
                -0.2893555668875658
            ],
            [
                0.8346864279477252,
                0.08810699918034492,
                -0.5436319744968113
            ]
        ],
        "translation_vector": [
            -21.17407673226904,
            -6.312527151465527,
            36.111455407666625
        ]
    },
    "000009.png": {
        "rotation_matrix": [
            [
                0.5218020334645338,
                -0.31311506733564864,
                0.7935247900851428
            ],
            [
                -0.10438665183654325,
                -0.9466484302775285,
                -0.3048937132370022
            ],
            [
                0.8466558124708257,
                0.07626076357133633,
                -0.5266481094135654
            ]
        ],
        "translation_vector": [
            -21.082643115288196,
            -6.145375087853889,
            35.95110842172153
        ]
    },
    "000010.png": {
        "rotation_matrix": [
            [
                0.5395125566828249,
                -0.2719433489408676,
                0.7968519411712485
            ],
            [
                -0.09293266603661995,
                -0.959855774769837,
                -0.26465149012299566
            ],
            [
                0.8368331498960155,
                0.06872922673667685,
                -0.5431266635208503
            ]
        ],
        "translation_vector": [
            -20.98849597427202,
            -6.280170461542844,
            35.680088505519464
        ]
    },
    "000011.png": {
        "rotation_matrix": [
            [
                0.530724412773393,
                -0.29994760497515854,
                0.792693529654433
            ],
            [
                -0.08925324664084423,
                -0.9498614619357882,
                -0.29966157760593143
            ],
            [
                0.8428318074505766,
                0.088287243692808,
                -0.5308859641681262
            ]
        ],
        "translation_vector": [
            -21.30151218162659,
            -6.316374561538856,
            35.94423610410987
        ]
    },
    "000012.png": {
        "rotation_matrix": [
            [
                0.530724412773393,
                -0.29994760497515854,
                0.792693529654433
            ],
            [
                -0.08925324664084423,
                -0.9498614619357882,
                -0.29966157760593143
            ],
            [
                0.8428318074505766,
                0.088287243692808,
                -0.5308859641681262
            ]
        ],
        "translation_vector": [
            -21.30151218162659,
            -6.316374561538856,
            35.94423610410987
        ]
    },
    "000013.png": {
        "rotation_matrix": [
            [
                0.5290620529756102,
                -0.31583494543942886,
                0.7876176936436269
            ],
            [
                -0.09682307390756811,
                -0.9445622949041631,
                -0.3137313554690867
            ],
            [
                0.8430413017523654,
                0.08972378884473067,
                -0.5303121771702246
            ]
        ],
        "translation_vector": [
            -21.393078538135025,
            -6.253778931457625,
            36.082591241557644
        ]
    },
    "000014.png": {
        "rotation_matrix": [
            [
                0.5290620529756102,
                -0.31583494543942886,
                0.7876176936436269
            ],
            [
                -0.09682307390756811,
                -0.9445622949041631,
                -0.3137313554690867
            ],
            [
                0.8430413017523654,
                0.08972378884473067,
                -0.5303121771702246
            ]
        ],
        "translation_vector": [
            -21.393078538135025,
            -6.253778931457625,
            36.082591241557644
        ]
    },
    "000015.png": {
        "rotation_matrix": [
            [
                0.5243528024050089,
                -0.2996215084729742,
                0.7970452247334485
            ],
            [
                -0.09351662556456301,
                -0.9506484497847097,
                -0.29584145359456576
            ],
            [
                0.8463502698959995,
                0.08058831542046103,
                -0.5264947711655464
            ]
        ],
        "translation_vector": [
            -21.152802784878663,
            -6.253915068605432,
            35.541208045481234
        ]
    },
    "000016.png": {
        "rotation_matrix": [
            [
                0.5467145399696632,
                -0.313519810779745,
                0.7764074574824695
            ],
            [
                -0.0767124789266238,
                -0.9421089737342991,
                -0.3264136596195662
            ],
            [
                0.8337975817683163,
                0.11889495303812785,
                -0.539115556053959
            ]
        ],
        "translation_vector": [
            -21.479958244248895,
            -6.294742721186281,
            36.05767008607768
        ]
    },
    "000017.png": {
        "rotation_matrix": [
            [
                0.6897035754788103,
                -0.489860935200422,
                0.5332403230592311
            ],
            [
                -0.13368363245872644,
                -0.8099110859126636,
                -0.5711153292710767
            ],
            [
                0.7116443384053479,
                0.32261478124899673,
                -0.6240849609911111
            ]
        ],
        "translation_vector": [
            -23.081796301278693,
            -3.8991389843405027,
            37.108852128870154
        ]
    },
    "000018.png": {
        "rotation_matrix": [
            [
                0.8372307560622047,
                -0.537618148666203,
                0.10005692044148234
            ],
            [
                -0.22872296416943277,
                -0.5104616805494799,
                -0.8289238073261915
            ],
            [
                0.4967197064392122,
                0.6711151904966277,
                -0.5503398353014416
            ]
        ],
        "translation_vector": [
            -27.338680179611217,
            -1.5102798845839933,
            46.35075841319537
        ]
    },
    "000019.png": {
        "rotation_matrix": [
            [
                0.9347104579319752,
                -0.1486142618647265,
                -0.3228469622019079
            ],
            [
                -0.3474652292655285,
                -0.19111649472320394,
                -0.9180100216752373
            ],
            [
                0.0747280020076236,
                0.9702516614853686,
                -0.2302768748720343
            ]
        ],
        "translation_vector": [
            -25.165620644940454,
            1.5057424624500835,
            46.07505552513588
        ]
    },
    "000020.png": {
        "rotation_matrix": [
            [
                0.52856742559871,
                0.03001408973294306,
                -0.84836055484296
            ],
            [
                -0.8359742554374361,
                0.19208050700845952,
                -0.5140545915301189
            ],
            [
                0.14752464486239752,
                0.9809200952396051,
                0.12661850541428582
            ]
        ],
        "translation_vector": [
            -17.08609748153789,
            8.586982283395606,
            40.48345824571808
        ]
    },
    "000021.png": {
        "rotation_matrix": [
            [
                0.5226582830620347,
                0.0760763464516877,
                -0.8491411594412375
            ],
            [
                -0.847156234254614,
                0.1581257441273778,
                -0.5072697150507851
            ],
            [
                0.09567985111917748,
                0.9844839453006463,
                0.14709428110938305
            ]
        ],
        "translation_vector": [
            -14.155639044721282,
            10.203169201285776,
            39.77037827988138
        ]
    },
    "000022.png": {
        "rotation_matrix": [
            [
                0.5176136990880364,
                0.07933460776552914,
                -0.8519284468352311
            ],
            [
                -0.8486502232492269,
                0.174383908825554,
                -0.4993826698252136
            ],
            [
                0.10894428436332476,
                0.9814765775877744,
                0.15759083270023205
            ]
        ],
        "translation_vector": [
            -14.127414093249618,
            10.247558248855116,
            39.755128372023975
        ]
    },
    "000023.png": {
        "rotation_matrix": [
            [
                0.5035208781868417,
                0.05219634968239362,
                -0.8624049317517757
            ],
            [
                -0.8567069254492058,
                0.15943472722970273,
                -0.49054440333221516
            ],
            [
                0.11189266784432539,
                0.9858276263287732,
                0.12499568812425452
            ]
        ],
        "translation_vector": [
            -14.358123777056356,
            10.365605619045565,
            40.59253555332818
        ]
    },
    "000024.png": {
        "rotation_matrix": [
            [
                0.5194533430878552,
                0.07332336560865893,
                -0.8513471139380633
            ],
            [
                -0.8535776704449699,
                0.0907744058479025,
                -0.5129962648603774
            ],
            [
                0.03966591575382045,
                0.9931685110286064,
                0.10974025618993064
            ]
        ],
        "translation_vector": [
            -14.250148877891366,
            10.506728121304436,
            40.50819810773273
        ]
    },
    "000025.png": {
        "rotation_matrix": [
            [
                0.5257498761150625,
                0.08129006485382478,
                -0.846746120818429
            ],
            [
                -0.8505093971020348,
                0.06762463456342849,
                -0.521594357946188
            ],
            [
                0.01486045780351214,
                0.9943937017882926,
                0.10469160729326074
            ]
        ],
        "translation_vector": [
            -14.347780205204414,
            10.626836475832357,
            40.876418963450554
        ]
    },
    "000026.png": {
        "rotation_matrix": [
            [
                0.5196754881663104,
                0.05157154718118384,
                -0.8528058175929887
            ],
            [
                -0.8542875621324375,
                0.01803755352843417,
                -0.5194876397456686
            ],
            [
                -0.011408250738991876,
                0.9985063956650692,
                0.05343060575202649
            ]
        ],
        "translation_vector": [
            -14.647841575879552,
            10.668565137577112,
            41.35044245970353
        ]
    },
    "000027.png": {
        "rotation_matrix": [
            [
                0.5362323882717365,
                0.0894263260529169,
                -0.8393198186490458
            ],
            [
                -0.8439958603845567,
                0.07002092207034993,
                -0.5317593987191479
            ],
            [
                0.011216658242163502,
                0.9935290648396228,
                0.11302293526883439
            ]
        ],
        "translation_vector": [
            -14.38011796044399,
            10.51806552855343,
            39.828839728443945
        ]
    },
    "000028.png": {
        "rotation_matrix": [
            [
                0.7768342155857839,
                0.13837571004332777,
                -0.6143132461254802
            ],
            [
                -0.580215688967815,
                -0.22180621307153553,
                -0.7836783511865493
            ],
            [
                -0.24470054305379807,
                0.9652223405583138,
                -0.09201889760427953
            ]
        ],
        "translation_vector": [
            -18.185580754450168,
            5.52544775061658,
            41.976262051830815
        ]
    },
    "000029.png": {
        "rotation_matrix": [
            [
                0.995355167966812,
                0.008321234341764731,
                0.09591061808157299
            ],
            [
                0.0926146616875376,
                -0.35471984141529345,
                -0.9303743109882238
            ],
            [
                0.02627953656864744,
                0.9349356080315577,
                -0.35384289563646554
            ]
        ],
        "translation_vector": [
            -20.081783169334926,
            -1.3613802453893955,
            36.235162979396385
        ]
    },
    "000030.png": {
        "rotation_matrix": [
            [
                0.7101261179629902,
                -0.3526276848308547,
                0.6094051300060123
            ],
            [
                0.15368502241298299,
                -0.767036333249297,
                -0.6229254990457481
            ],
            [
                0.6870966529337298,
                0.5360121074810763,
                -0.49049894002022154
            ]
        ],
        "translation_vector": [
            -20.15998437832884,
            -4.2295437770146425,
            31.289886652929493
        ]
    },
    "000031.png": {
        "rotation_matrix": [
            [
                0.6249387984700671,
                -0.579698882301842,
                0.5228773317182375
            ],
            [
                -0.22736296568257233,
                -0.7758937082065984,
                -0.5884683809699882
            ],
            [
                0.7468316945623116,
                0.2488737821133616,
                -0.6166881388301358
            ]
        ],
        "translation_vector": [
            -22.857569761525237,
            -7.650009560817799,
            31.466442327807915
        ]
    },
    "000032.png": {
        "rotation_matrix": [
            [
                0.7060801605925348,
                -0.5850794584680665,
                0.39891456992235275
            ],
            [
                -0.201223025408311,
                -0.7058859416904645,
                -0.6791423498570035
            ],
            [
                0.6789404251207524,
                0.39925814281299293,
                -0.6161435178060157
            ]
        ],
        "translation_vector": [
            -23.63013049685358,
            -7.982902780648745,
            33.270359066516825
        ]
    },
    "000033.png": {
        "rotation_matrix": [
            [
                0.9298966918811028,
                -0.3646258782044429,
                0.04837469764473917
            ],
            [
                -0.14818969102764093,
                -0.49175878417988317,
                -0.8580286205337531
            ],
            [
                0.33664812178551284,
                0.7907093442761137,
                -0.5113186628441453
            ]
        ],
        "translation_vector": [
            -26.56491894764966,
            -8.856291306198226,
            39.27450002643344
        ]
    },
    "000034.png": {
        "rotation_matrix": [
            [
                0.7920709328577973,
                -0.14590183201448334,
                -0.592736275873677
            ],
            [
                -0.5985992599214374,
                0.004590202176640634,
                -0.8010354898913561
            ],
            [
                0.11959332482745733,
                0.9892884237970214,
                -0.08370096294499402
            ]
        ],
        "translation_vector": [
            -26.6362191999149,
            -0.47136585450225904,
            38.16640589672627
        ]
    },
    "000035.png": {
        "rotation_matrix": [
            [
                0.7582145462056428,
                -0.14173084418371945,
                -0.6364142281008036
            ],
            [
                -0.6342445629086748,
                0.06594238857575012,
                -0.7703151535635976
            ],
            [
                0.15114409132663936,
                0.9877064185252088,
                -0.03989353909030208
            ]
        ],
        "translation_vector": [
            -26.31997451530995,
            -0.16971690186648183,
            39.19816813510214
        ]
    },
    "000036.png": {
        "rotation_matrix": [
            [
                0.8298567572980189,
                -0.4972216191367248,
                0.25319641354069444
            ],
            [
                -0.08675118399335544,
                -0.5632313983035047,
                -0.8217326962223359
            ],
            [
                0.5511914317572141,
                0.6599553419952993,
                -0.5105359459717795
            ]
        ],
        "translation_vector": [
            -25.04704851967764,
            -5.09711312173922,
            36.870890580867275
        ]
    },
    "000037.png": {
        "rotation_matrix": [
            [
                0.7712485414391438,
                -0.5382718373531932,
                0.33976332415434585
            ],
            [
                -0.06952858087319583,
                -0.6018156855640534,
                -0.7956027005049869
            ],
            [
                0.6327254252594509,
                0.5899841605683037,
                -0.5015747466816497
            ]
        ],
        "translation_vector": [
            -23.570987011064776,
            -3.3008836109706525,
            35.26376600113708
        ]
    },
    "000038.png": {
        "rotation_matrix": [
            [
                0.720990532548598,
                -0.5777140719445766,
                0.38264749189365577
            ],
            [
                -0.05624740989132537,
                -0.5991744700349114,
                -0.7986402089419867
            ],
            [
                0.6906582952921119,
                0.5542890992393766,
                -0.46449404044464815
            ]
        ],
        "translation_vector": [
            -23.074724253764103,
            -2.4211154226400837,
            33.36054398764227
        ]
    },
    "000039.png": {
        "rotation_matrix": [
            [
                0.715337530272226,
                -0.5307047910635809,
                0.45458183259584084
            ],
            [
                0.10218277600496098,
                -0.564100192643501,
                -0.8193592941728831
            ],
            [
                0.6912676023595725,
                0.6325688874752899,
                -0.3492931498416794
            ]
        ],
        "translation_vector": [
            -23.26758097893166,
            -1.4591394744308828,
            32.18674296044072
        ]
    },
    "000040.png": {
        "rotation_matrix": [
            [
                0.7723592290634512,
                -0.4275190594916639,
                0.4697751324323953
            ],
            [
                0.12207678260791344,
                -0.6258897508516988,
                -0.770298175336602
            ],
            [
                0.6233445920424847,
                0.6522955415685143,
                -0.4312215741602302
            ]
        ],
        "translation_vector": [
            -21.39946632872233,
            1.1154262493147182,
            32.0654092592303
        ]
    },
    "000041.png": {
        "rotation_matrix": [
            [
                0.025473936000218522,
                -0.6298799814746122,
                0.7762746212019294
            ],
            [
                -0.14193106815196557,
                -0.7709391874871989,
                -0.6208931800960771
            ],
            [
                0.9895487105129785,
                -0.09436089303371259,
                -0.10903839410034155
            ]
        ],
        "translation_vector": [
            -12.61574444809119,
            2.3423186808469376,
            16.952950886786585
        ]
    },
    "000042.png": {
        "rotation_matrix": [
            [
                0.3425330656504546,
                -0.7858474775569342,
                0.5148930383618572
            ],
            [
                0.16924078789197988,
                -0.4874698342925596,
                -0.8565808288588336
            ],
            [
                0.9241367077709893,
                0.38054816077888,
                -0.033977090487689154
            ]
        ],
        "translation_vector": [
            -16.23990133378338,
            4.867104207777363,
            26.73782774694187
        ]
    },
    "000043.png": {
        "rotation_matrix": [
            [
                0.7478776275052855,
                -0.315170159992066,
                0.5842489405447309
            ],
            [
                0.06357477408410264,
                -0.8420595882958133,
                -0.5356247733808066
            ],
            [
                0.6607853678595041,
                0.4377252791531016,
                -0.6097206553932045
            ]
        ],
        "translation_vector": [
            -17.737197455295107,
            4.306928461918164,
            31.642092070764193
        ]
    },
    "000044.png": {
        "rotation_matrix": [
            [
                0.7654624799598276,
                -0.32395523968778783,
                0.5559857861965352
            ],
            [
                0.0689516355973526,
                -0.8177606062141489,
                -0.5714133905262614
            ],
            [
                0.6397756354552753,
                0.4757316403216164,
                -0.6036278180093287
            ]
        ],
        "translation_vector": [
            -19.819870107195282,
            2.0412282151682697,
            32.19801440959579
        ]
    },
    "000045.png": {
        "rotation_matrix": [
            [
                0.7409233258110566,
                -0.3539585458095592,
                0.5707415992526437
            ],
            [
                0.019221422994765064,
                -0.8383122543711035,
                -0.5448514486254896
            ],
            [
                0.6713145031705627,
                0.4146636130885134,
                -0.6143215166451848
            ]
        ],
        "translation_vector": [
            -20.968574916552267,
            -1.4819148693240063,
            30.485566165524485
        ]
    },
    "000046.png": {
        "rotation_matrix": [
            [
                0.6837059147822403,
                -0.3870407494210939,
                0.6186644327738087
            ],
            [
                -0.06361150947778632,
                -0.8761485968723938,
                -0.4778255037777841
            ],
            [
                0.7269799157842931,
                0.2873379447377141,
                -0.6236482242099055
            ]
        ],
        "translation_vector": [
            -22.362744659790312,
            -4.3269719470380155,
            29.572541064578264
        ]
    },
    "000047.png": {
        "rotation_matrix": [
            [
                0.4066612465104441,
                -0.4439933891694785,
                0.798433779946948
            ],
            [
                -0.3697829939232613,
                -0.8791653930127212,
                -0.300547415783162
            ],
            [
                0.8353964136813855,
                -0.17302624686037535,
                -0.5217036993406236
            ]
        ],
        "translation_vector": [
            -15.877952512336405,
            -5.137616978283464,
            22.567274643060973
        ]
    },
    "000048.png": {
        "rotation_matrix": [
            [
                0.6219102444185091,
                -0.5015568711401217,
                0.6013886870397892
            ],
            [
                -0.26289296824510827,
                -0.8571232766375294,
                -0.4429751413944373
            ],
            [
                0.7376414678789328,
                0.11738992145101942,
                -0.6649095210681952
            ]
        ],
        "translation_vector": [
            -11.794454082707771,
            -7.1643394096388295,
            18.112788436091012
        ]
    },
    "000049.png": {
        "rotation_matrix": [
            [
                0.6795588942259543,
                -0.44396971977147254,
                0.584029620143053
            ],
            [
                -0.24570927353258748,
                -0.8878523608487721,
                -0.3890310247722538
            ],
            [
                0.6912500721001675,
                0.12086799932696002,
                -0.7124354458898092
            ]
        ],
        "translation_vector": [
            -9.199080822242147,
            -7.0290361520764675,
            16.334787641960233
        ]
    },
    "000050.png": {
        "rotation_matrix": [
            [
                0.6853902941367898,
                -0.4459592708423864,
                0.5756391868634483
            ],
            [
                -0.2397309013345081,
                -0.8846453277847204,
                -0.39991466461485126
            ],
            [
                0.6875821693793618,
                0.1360991284997507,
                -0.7132375393746314
            ]
        ],
        "translation_vector": [
            -9.571953233749124,
            -6.94359693199972,
            16.918263231138482
        ]
    },
    "000051.png": {
        "rotation_matrix": [
            [
                0.6733549632110264,
                -0.4584791315776729,
                0.5799913615105486
            ],
            [
                -0.24665749535527876,
                -0.8788597240227558,
                -0.40836952074769983
            ],
            [
                0.6969599511479391,
                0.131918427061682,
                -0.7048718714046078
            ]
        ],
        "translation_vector": [
            -9.5304921513394,
            -6.8555639581484025,
            16.721451820780686
        ]
    },
    "000052.png": {
        "rotation_matrix": [
            [
                0.6606129378556277,
                -0.555533256533972,
                0.5049488560463486
            ],
            [
                -0.075735012427222,
                -0.7184982787258201,
                -0.6913931091359548
            ],
            [
                0.7468967493773182,
                0.41850092515165815,
                -0.5167225768406114
            ]
        ],
        "translation_vector": [
            -21.451416031025126,
            -2.8701037757346417,
            27.953538251961287
        ]
    },
    "000053.png": {
        "rotation_matrix": [
            [
                0.6810810630018295,
                -0.5460747496991787,
                0.487781665667415
            ],
            [
                -0.07621752194528514,
                -0.7154334691961975,
                -0.6945112241730969
            ],
            [
                0.7282303721823324,
                0.43584093301900073,
                -0.5288886519261959
            ]
        ],
        "translation_vector": [
            -21.118695803734816,
            -2.8419719431562793,
            27.50111984160105
        ]
    },
    "000054.png": {
        "rotation_matrix": [
            [
                0.6810810630018295,
                -0.5460747496991787,
                0.487781665667415
            ],
            [
                -0.07621752194528514,
                -0.7154334691961975,
                -0.6945112241730969
            ],
            [
                0.7282303721823324,
                0.43584093301900073,
                -0.5288886519261959
            ]
        ],
        "translation_vector": [
            -21.118695803734816,
            -2.8419719431562793,
            27.50111984160105
        ]
    },
    "000055.png": {
        "rotation_matrix": [
            [
                0.6684855844830957,
                -0.599356740463606,
                0.44033909774074764
            ],
            [
                -0.09707322341980945,
                -0.6573230322331582,
                -0.7473307303936418
            ],
            [
                0.7373627415547804,
                0.4568346844939075,
                -0.4975924621717758
            ]
        ],
        "translation_vector": [
            -21.8374169470741,
            -2.6718685006059157,
            27.797899872807697
        ]
    },
    "000056.png": {
        "rotation_matrix": [
            [
                0.6761619796063302,
                -0.599892589842616,
                0.4277076781947778
            ],
            [
                -0.0902931060598357,
                -0.6436281683966205,
                -0.7599933788162097
            ],
            [
                0.7311991058069724,
                0.4752595727582247,
                -0.4893630617126242
            ]
        ],
        "translation_vector": [
            -21.884942051071732,
            -2.5862923027546354,
            27.87899608806482
        ]
    },
    "000057.png": {
        "rotation_matrix": [
            [
                0.7030966298010305,
                -0.5962954895108366,
                0.3874104004172627
            ],
            [
                -0.0758267208414023,
                -0.6045725724102817,
                -0.792932729237263
            ],
            [
                0.7070399122884592,
                0.5281322693021573,
                -0.47028806975393433
            ]
        ],
        "translation_vector": [
            -22.075148951371673,
            -2.326248850150042,
            28.180927075791868
        ]
    },
    "000058.png": {
        "rotation_matrix": [
            [
                0.6855149226941631,
                -0.6051243050250577,
                0.40483807408834
            ],
            [
                -0.08416895996136081,
                -0.6181921442356868,
                -0.7815075552957287
            ],
            [
                0.7231769333590765,
                0.5016602917046802,
                -0.47471262336716624
            ]
        ],
        "translation_vector": [
            -22.134163690317354,
            -2.2873375197430037,
            27.993375675204526
        ]
    },
    "000059.png": {
        "rotation_matrix": [
            [
                0.6851434276765388,
                -0.604987994320139,
                0.4056698290976773
            ],
            [
                -0.07449758522772093,
                -0.612205817170551,
                -0.787181140029267
            ],
            [
                0.724588568297128,
                0.5091105618144582,
                -0.46451893668836036
            ]
        ],
        "translation_vector": [
            -22.54370642403931,
            -2.277170542045411,
            27.892101434158835
        ]
    },
    "000060.png": {
        "rotation_matrix": [
            [
                0.6956062375219696,
                -0.5857768336712628,
                0.41592963762468094
            ],
            [
                -0.08429956383160969,
                -0.6415003088822713,
                -0.7624768437413367
            ],
            [
                0.7134602622839824,
                0.495320961436138,
                -0.4956123478119271
            ]
        ],
        "translation_vector": [
            -22.622324467182867,
            -2.3483926629594842,
            28.036178851363694
        ]
    },
    "000061.png": {
        "rotation_matrix": [
            [
                0.8921952011948888,
                0.39845302978721997,
                -0.21265677985476322
            ],
            [
                -0.05478375174312128,
                -0.371893685428022,
                -0.9266573408135887
            ],
            [
                -0.44831513861318634,
                0.8384093688599552,
                -0.30997300962840507
            ]
        ],
        "translation_vector": [
            -22.089101352393655,
            -5.827019489231292,
            26.420115408494958
        ]
    },
    "000062.png": {
        "rotation_matrix": [
            [
                -0.24745247420975192,
                -0.7287754477428336,
                0.6384775796961901
            ],
            [
                -0.4586656928106967,
                -0.4923480171241262,
                -0.7397426662511937
            ],
            [
                0.8534594631533217,
                -0.4758989144778265,
                -0.2124315606327617
            ]
        ],
        "translation_vector": [
            -22.02598630371692,
            -5.003302254266256,
            19.065576499341365
        ]
    }
}