{
    "000000.png": {
        "rotation_matrix": [
            [
                0.6942217028878769,
                -0.041013334139760646,
                -0.7185917712179815
            ],
            [
                -0.7165226930943548,
                0.0552218479801167,
                -0.6953745593465964
            ],
            [
                0.06820159470473297,
                0.9976314218830521,
                0.008949220710772227
            ]
        ],
        "translation_vector": [
            -19.423617958004726,
            4.227880176443353,
            50.408896959276085
        ]
    },
    "000001.png": {
        "rotation_matrix": [
            [
                0.6263226579771768,
                -0.24432458995365008,
                0.7402873920636399
            ],
            [
                -0.00956932690716894,
                -0.9519553343180216,
                -0.3060873559067862
            ],
            [
                0.7795051995252811,
                0.18462539426483193,
                -0.5985692171383417
            ]
        ],
        "translation_vector": [
            -20.805951025518887,
            -7.001239658099342,
            39.81585235542517
        ]
    },
    "000002.png": {
        "rotation_matrix": [
            [
                0.6259351078320678,
                -0.24409629705128344,
                0.7406903796790539
            ],
            [
                -0.00920154440157861,
                -0.9520005074805313,
                -0.30595811042923593
            ],
            [
                0.7798208591489941,
                0.18469442742718128,
                -0.5981366032215902
            ]
        ],
        "translation_vector": [
            -20.91636658793063,
            -7.01576599582079,
            39.83284154676481
        ]
    },
    "000003.png": {
        "rotation_matrix": [
            [
                0.6254991180296885,
                -0.2431142036262184,
                0.741381371049521
            ],
            [
                -0.007948684865895839,
                -0.9521512830267539,
                -0.3055237349853612
            ],
            [
                0.7801843831768107,
                0.18521181988656163,
                -0.5975022259551199
            ]
        ],
        "translation_vector": [
            -21.093160471526183,
            -7.014057574103391,
            39.80807008376719
        ]
    },
    "000004.png": {
        "rotation_matrix": [
            [
                0.6236183676745807,
                -0.2417626193617138,
                0.7434049820779044
            ],
            [
                -0.005940771669544542,
                -0.9524136080026419,
                -0.30475076131710527
            ],
            [
                0.7817063634964581,
                0.1856317730636327,
                -0.5953788760935258
            ]
        ],
        "translation_vector": [
            -21.684952059503782,
            -7.039822994903102,
            39.79327370664754
        ]
    },
    "000005.png": {
        "rotation_matrix": [
            [
                0.6222455545876131,
                -0.24037624856229337,
                0.7450031737671217
            ],
            [
                -0.0041105878868715195,
                -0.9526791473682589,
                -0.30394990580180026
            ],
            [
                0.7828113264786027,
                0.18606907668072495,
                -0.5937884520938448
            ]
        ],
        "translation_vector": [
            -22.25589829554769,
            -7.019393292122779,
            39.57658064905345
        ]
    },
    "000006.png": {
        "rotation_matrix": [
            [
                0.6222462760576498,
                -0.2402661510826406,
                0.7450380853193486
            ],
            [
                -0.003989712893522984,
                -0.9526952550278548,
                -0.30390102539879316
            ],
            [
                0.7828113783814172,
                0.186128793289336,
                -0.5937696676197273
            ]
        ],
        "translation_vector": [
            -22.265435020589216,
            -7.015321019874562,
            39.564723290688384
        ]
    },
    "000007.png": {
        "rotation_matrix": [
            [
                0.6218522046830612,
                -0.2395584712772185,
                0.7455947789316515
            ],
            [
                -0.0030362146835104242,
                -0.9527949750290635,
                -0.30359927035446227
            ],
            [
                0.783128735860977,
                0.18653008979435012,
                -0.5932250067808166
            ]
        ],
        "translation_vector": [
            -22.423050968544825,
            -7.02263087745605,
            39.54100877133327
        ]
    },
    "000008.png": {
        "rotation_matrix": [
            [
                0.6213704503137915,
                -0.2395601991214672,
                0.745995760359073
            ],
            [
                -0.002802278412327608,
                -0.9527852662727375,
                -0.3036319871312654
            ],
            [
                0.7835119084688681,
                0.1865774567584844,
                -0.5927039243306896
            ]
        ],
        "translation_vector": [
            -22.541173542671103,
            -7.059108605997785,
            39.608262236656365
        ]
    },
    "000009.png": {
        "rotation_matrix": [
            [
                0.6212481653993688,
                -0.23961266388510072,
                0.7460807518585338
            ],
            [
                -0.002799079465737375,
                -0.9527750015951851,
                -0.3036642249087471
            ],
            [
                0.7836088833991443,
                0.18656250330967217,
                -0.5925804166666035
            ]
        ],
        "translation_vector": [
            -22.544685283211884,
            -7.064633022694552,
            39.657309944959195
        ]
    },
    "000010.png": {
        "rotation_matrix": [
            [
                0.6211883536774819,
                -0.23940351153952202,
                0.7461976868886727
            ],
            [
                -0.002557748912506596,
                -0.9528084343920686,
                -0.3035614357454446
            ],
            [
                0.7836571234768176,
                0.186660242188531,
                -0.5924858368013186
            ]
        ],
        "translation_vector": [
            -22.570419697407097,
            -7.064082867399732,
            39.65057074392586
        ]
    },
    "000011.png": {
        "rotation_matrix": [
            [
                0.6203711607041916,
                -0.23890078526146385,
                0.747038176914665
            ],
            [
                -0.001674785716995364,
                -0.9528815152982882,
                -0.30333811645692743
            ],
            [
                0.7843065842254114,
                0.1869310905234607,
                -0.5915403192821038
            ]
        ],
        "translation_vector": [
            -22.842330332392056,
            -7.109088506137114,
            39.65791877508218
        ]
    },
    "000012.png": {
        "rotation_matrix": [
            [
                0.6203853891205409,
                -0.23891920723712254,
                0.7470204691833711
            ],
            [
                -0.0017055654986310453,
                -0.9528799936176862,
                -0.30334272499846165
            ],
            [
                0.7842952632855109,
                0.18691530214604515,
                -0.5915603179825093
            ]
        ],
        "translation_vector": [
            -22.840179168741034,
            -7.108247317307855,
            39.65319846390203
        ]
    },
    "000013.png": {
        "rotation_matrix": [
            [
                0.6203507762523477,
                -0.23893630177841588,
                0.747043745771005
            ],
            [
                -0.001732495858415617,
                -0.9528828188250902,
                -0.3033336975116035
            ],
            [
                0.7843225821441203,
                0.18687904451921347,
                -0.5915355524889231
            ]
        ],
        "translation_vector": [
            -22.86131350687586,
            -7.104768604440783,
            39.63298453072739
        ]
    },
    "000014.png": {
        "rotation_matrix": [
            [
                0.620354598483034,
                -0.23891936145649378,
                0.7470459897905718
            ],
            [
                -0.001715527227611785,
                -0.9528852842826461,
                -0.3033260489372984
            ],
            [
                0.7843195962790201,
                0.18688813156217896,
                -0.5915366406013347
            ]
        ],
        "translation_vector": [
            -22.861059383592817,
            -7.104358550740677,
            39.63187876369756
        ]
    },
    "000015.png": {
        "rotation_matrix": [
            [
                0.6223874703988815,
                -0.2403002188946969,
                0.7449091498227353
            ],
            [
                -0.0003203213968255292,
                -0.9517841444035879,
                -0.3067683814478293
            ],
            [
                0.782709227034326,
                0.19069018658829542,
                -0.5924554993028901
            ]
        ],
        "translation_vector": [
            -22.87328805900744,
            -7.118188870487593,
            39.65619205151927
        ]
    },
    "000016.png": {
        "rotation_matrix": [
            [
                0.6380218290327364,
                -0.2513891210925758,
                0.7278266658168153
            ],
            [
                0.009020483509592142,
                -0.9427020304199382,
                -0.33351388684637606
            ],
            [
                0.7699654385457655,
                0.21935448853038414,
                -0.5991968222600974
            ]
        ],
        "translation_vector": [
            -22.987617485296155,
            -7.180844458423704,
            39.83400902408996
        ]
    },
    "000017.png": {
        "rotation_matrix": [
            [
                0.8626815804970185,
                -0.39087793479169003,
                0.3209282330430603
            ],
            [
                -0.03971398489620623,
                -0.6849589279395958,
                -0.7274984992695827
            ],
            [
                0.5041857694092737,
                0.614854216159257,
                -0.6064247709290538
            ]
        ],
        "translation_vector": [
            -24.95134655198396,
            -4.45705907824925,
            42.50191857533547
        ]
    },
    "000018.png": {
        "rotation_matrix": [
            [
                0.9250156525268397,
                -0.36433139641098283,
                -0.1077435667200621
            ],
            [
                -0.25736015346045377,
                -0.3922575562668944,
                -0.8831193356292952
            ],
            [
                0.279484872562271,
                0.8446281093716568,
                -0.45660876345959855
            ]
        ],
        "translation_vector": [
            -25.482514917480948,
            -0.7386298775921251,
            44.18611647759485
        ]
    },
    "000019.png": {
        "rotation_matrix": [
            [
                0.9049145011220948,
                -0.2758940371456214,
                -0.32405589938534635
            ],
            [
                -0.3926060227990474,
                -0.2472261665593099,
                -0.8858553682347401
            ],
            [
                0.16428711611343458,
                0.9288496664347163,
                -0.33203620381405996
            ]
        ],
        "translation_vector": [
            -24.84510566084899,
            1.66247404295675,
            44.915957616148305
        ]
    },
    "000020.png": {
        "rotation_matrix": [
            [
                0.4742629010804812,
                0.17475646151446167,
                -0.862864346127287
            ],
            [
                -0.8646777533230912,
                0.2767641039997251,
                -0.41920640935625125
            ],
            [
                0.1655508488859458,
                0.944913652084768,
                0.28236697139886757
            ]
        ],
        "translation_vector": [
            -15.413293246718574,
            8.69367641901195,
            38.221285558489136
        ]
    },
    "000021.png": {
        "rotation_matrix": [
            [
                0.47352864782147674,
                0.19641515325103137,
                -0.8585986881341809
            ],
            [
                -0.8657249488532985,
                0.2832497370641069,
                -0.41266196745770845
            ],
            [
                0.16214478907851604,
                0.9387175688280726,
                0.3041683634900175
            ]
        ],
        "translation_vector": [
            -12.70526332777373,
            10.252076913254003,
            37.42866579421267
        ]
    },
    "000022.png": {
        "rotation_matrix": [
            [
                0.4723086954369909,
                0.19657351142374224,
                -0.8592341653013753
            ],
            [
                -0.8651874594619523,
                0.2896861858042542,
                -0.4093074318210695
            ],
            [
                0.16844926893395562,
                0.9367180837160807,
                0.306894241449547
            ]
        ],
        "translation_vector": [
            -12.627647473237673,
            10.239682712794133,
            37.35905396159733
        ]
    },
    "000023.png": {
        "rotation_matrix": [
            [
                0.4728548536685145,
                0.19595850012564,
                -0.8590742421878547
            ],
            [
                -0.8648233669461008,
                0.28996918075748435,
                -0.4098761010291311
            ],
            [
                0.16878634822205518,
                0.9367593823599218,
                0.3065828243958233
            ]
        ],
        "translation_vector": [
            -12.612630998832735,
            10.239979980883554,
            37.3587188200728
        ]
    },
    "000024.png": {
        "rotation_matrix": [
            [
                0.48714554011371397,
                0.20750805489186433,
                -0.8483098666774497
            ],
            [
                -0.8701675591515274,
                0.1978016083163044,
                -0.4513124668649825
            ],
            [
                0.07414608383178795,
                0.9580265815218687,
                0.2769249489481422
            ]
        ],
        "translation_vector": [
            -12.674432340226149,
            10.399625632575463,
            37.78890136795987
        ]
    },
    "000025.png": {
        "rotation_matrix": [
            [
                0.48893563294023923,
                0.21469265056540807,
                -0.8454874408496702
            ],
            [
                -0.871153961487005,
                0.1702695131252239,
                -0.46054214604701965
            ],
            [
                0.04508572087504914,
                0.9617251991568566,
                0.27028118521250855
            ]
        ],
        "translation_vector": [
            -12.758520962867133,
            10.484403517888545,
            37.97347484110314
        ]
    },
    "000026.png": {
        "rotation_matrix": [
            [
                0.4911828092523901,
                0.21629832654361156,
                -0.8437739518552118
            ],
            [
                -0.870401297259014,
                0.15944227244754675,
                -0.46581084517922655
            ],
            [
                0.03377913001770988,
                0.963220221803505,
                0.2665816473128846
            ]
        ],
        "translation_vector": [
            -12.796798549888615,
            10.501488595617035,
            37.86024410897482
        ]
    },
    "000027.png": {
        "rotation_matrix": [
            [
                0.49099958833936125,
                0.2166938741408363,
                -0.8437790997414034
            ],
            [
                -0.8706230290081157,
                0.1560527569616264,
                -0.46654375829648537
            ],
            [
                0.03057688033975381,
                0.9636863088964743,
                0.2652805164993792
            ]
        ],
        "translation_vector": [
            -12.974752804654408,
            10.477225172359248,
            37.77901257857052
        ]
    },
    "000028.png": {
        "rotation_matrix": [
            [
                0.7582879737487574,
                0.1456341104995008,
                -0.6354447692183883
            ],
            [
                -0.6070999980692615,
                -0.19742349660502545,
                -0.7697100462723193
            ],
            [
                -0.23754776616986784,
                0.9694403895275111,
                -0.06128939500795419
            ]
        ],
        "translation_vector": [
            -16.742813305659983,
            5.545350935946745,
            39.41130722952324
        ]
    },
    "000029.png": {
        "rotation_matrix": [
            [
                0.993582552438538,
                -0.008203840214798206,
                0.11281138460035893
            ],
            [
                0.08798368190294983,
                -0.5707204935966179,
                -0.8164171665929333
            ],
            [
                0.07108152508578146,
                0.8211034132157551,
                -0.5663361206888684
            ]
        ],
        "translation_vector": [
            -19.81825058564578,
            -1.8028491714631687,
            35.812262870165036
        ]
    },
    "000030.png": {
        "rotation_matrix": [
            [
                0.8845874191715951,
                -0.10402198427537616,
                0.4546256972837656
            ],
            [
                0.2225738074710803,
                -0.7624729618268025,
                -0.6075326186394358
            ],
            [
                0.4098365504334175,
                0.638603483603462,
                -0.6513214203896259
            ]
        ],
        "translation_vector": [
            -20.265076667118837,
            -4.4988782797107625,
            33.48826960651186
        ]
    },
    "000031.png": {
        "rotation_matrix": [
            [
                0.7291776699234762,
                -0.5420509509097148,
                0.417708860694672
            ],
            [
                -0.19322095091108862,
                -0.7486404056279882,
                -0.6341949283857236
            ],
            [
                0.656479694898465,
                0.38173067689017626,
                -0.6506274667634183
            ]
        ],
        "translation_vector": [
            -23.883787562911987,
            -7.945523925903971,
            33.928978574068516
        ]
    },
    "000032.png": {
        "rotation_matrix": [
            [
                0.8178071151184151,
                -0.50589339862683,
                0.27434174251741805
            ],
            [
                -0.16782955418097129,
                -0.6656383005399876,
                -0.7271580939504533
            ],
            [
                0.5504768507440747,
                0.5486324107086957,
                -0.6292676018315682
            ]
        ],
        "translation_vector": [
            -24.068254891483583,
            -8.075072378114026,
            34.89468523055983
        ]
    },
    "000033.png": {
        "rotation_matrix": [
            [
                0.9363732288737692,
                -0.3506124632207257,
                0.01661556146553537
            ],
            [
                -0.18065155423539708,
                -0.5219673871210496,
                -0.8336156564834705
            ],
            [
                0.30094881990274547,
                0.7775737568979082,
                -0.5520949740604646
            ]
        ],
        "translation_vector": [
            -25.143997650865636,
            -8.107303262339906,
            37.055195190073384
        ]
    },
    "000034.png": {
        "rotation_matrix": [
            [
                0.6805911549338427,
                -0.2924306887536729,
                -0.6717737506786559
            ],
            [
                -0.6602115845040196,
                0.15276856172914863,
                -0.7353791064708715
            ],
            [
                0.31767332829891176,
                0.9440053277509921,
                -0.08909319651484088
            ]
        ],
        "translation_vector": [
            -26.132015693995296,
            0.1834625181260409,
            36.9373221644218
        ]
    },
    "000035.png": {
        "rotation_matrix": [
            [
                0.6534259248148441,
                -0.22960014349803323,
                -0.7213309468514071
            ],
            [
                -0.6940293809567459,
                0.19877089457865346,
                -0.6919634020937793
            ],
            [
                0.3022544940090404,
                0.9527716964593791,
                -0.02946718984318944
            ]
        ],
        "translation_vector": [
            -24.915491344775454,
            0.5886154815461543,
            37.07093217031032
        ]
    },
    "000036.png": {
        "rotation_matrix": [
            [
                0.9519663546301568,
                -0.28917676339614423,
                0.10068197040136329
            ],
            [
                -0.08761971131054153,
                -0.5723172079624449,
                -0.8153378438781859
            ],
            [
                0.2933987829593503,
                0.7673524698479846,
                -0.570164310682605
            ]
        ],
        "translation_vector": [
            -23.901003655823224,
            -4.781119064470315,
            36.488754932854086
        ]
    },
    "000037.png": {
        "rotation_matrix": [
            [
                0.9204315090409563,
                -0.3395659209921532,
                0.19365129089509947
            ],
            [
                -0.06457461065725575,
                -0.6206676583237616,
                -0.7814101212355531
            ],
            [
                0.3855333407411756,
                0.7067295403558909,
                -0.5932094065043972
            ]
        ],
        "translation_vector": [
            -23.21549807502649,
            -3.224255439547404,
            36.088399886817
        ]
    },
    "000038.png": {
        "rotation_matrix": [
            [
                0.9212675822778227,
                -0.3176072878679695,
                0.22448085115913124
            ],
            [
                -0.03387190630737902,
                -0.6405034840269193,
                -0.767207912441264
            ],
            [
                0.38745159156606834,
                0.6992001842409159,
                -0.6008330604672066
            ]
        ],
        "translation_vector": [
            -23.209310895460046,
            -2.5754640448194777,
            35.370559338959055
        ]
    },
    "000039.png": {
        "rotation_matrix": [
            [
                0.9474903859734461,
                -0.14334682156722306,
                0.28585600786841087
            ],
            [
                0.11992350147247648,
                -0.6693880134169558,
                -0.7331698584150078
            ],
            [
                0.2964461541030195,
                0.7289522455142561,
                -0.617048054431138
            ]
        ],
        "translation_vector": [
            -22.988998566320088,
            -2.1426595129085646,
            33.937352828981915
        ]
    },
    "000040.png": {
        "rotation_matrix": [
            [
                0.9386299686915,
                -0.1385813457202307,
                0.31586229989120873
            ],
            [
                0.1424202641604326,
                -0.6783226510070841,
                -0.7208292790163245
            ],
            [
                0.31415004413602526,
                0.7215771557838369,
                -0.616957176812331
            ]
        ],
        "translation_vector": [
            -21.007713996203716,
            0.9511852619357476,
            33.48521528492121
        ]
    },
    "000041.png": {
        "rotation_matrix": [
            [
                0.930517352909597,
                -0.1705855122123005,
                0.32409572499090994
            ],
            [
                0.12494448403132155,
                -0.6839682997696267,
                -0.7187323847026744
            ],
            [
                0.344276533972711,
                0.7092869291996811,
                -0.6151306529691262
            ]
        ],
        "translation_vector": [
            -19.00796129112416,
            2.7919956393359957,
            33.683494041471086
        ]
    },
    "000042.png": {
        "rotation_matrix": [
            [
                0.8868119198686989,
                -0.16952801027912573,
                0.42991263357755966
            ],
            [
                0.16887751381545482,
                -0.7470617192521501,
                -0.6429456998499427
            ],
            [
                0.4301685763817521,
                0.6427744871716847,
                -0.6338737686123905
            ]
        ],
        "translation_vector": [
            -17.55170372294591,
            4.186785134876501,
            32.72628116815579
        ]
    },
    "000043.png": {
        "rotation_matrix": [
            [
                0.8651804095170813,
                -0.16534418666632433,
                0.473417531280272
            ],
            [
                0.18462936815608919,
                -0.7727264763687327,
                -0.6072938243824364
            ],
            [
                0.46623476425738447,
                0.612825499350683,
                -0.6380204165569056
            ]
        ],
        "translation_vector": [
            -17.552777132065422,
            4.376848497274408,
            32.739813883742585
        ]
    },
    "000044.png": {
        "rotation_matrix": [
            [
                0.837217978005525,
                -0.25085551842505494,
                0.48593987918263837
            ],
            [
                0.10865932419246513,
                -0.7945615308711078,
                -0.5973818920303816
            ],
            [
                0.5359656785376998,
                0.5529407586129446,
                -0.6379634071748665
            ]
        ],
        "translation_vector": [
            -19.988306082232896,
            2.0826862420522154,
            33.3934387128666
        ]
    },
    "000045.png": {
        "rotation_matrix": [
            [
                0.8055237586833405,
                -0.29775293781197687,
                0.5123228105608812
            ],
            [
                0.05369186843496344,
                -0.8243554862175345,
                -0.5635203772775347
            ],
            [
                0.5901259674515485,
                0.4814366213401193,
                -0.6480510181860566
            ]
        ],
        "translation_vector": [
            -21.650288346023814,
            -1.8155112682723094,
            31.95653154918565
        ]
    },
    "000046.png": {
        "rotation_matrix": [
            [
                0.7145902547529918,
                -0.35263904812842345,
                0.6041576528913019
            ],
            [
                -0.04527236497769044,
                -0.8851480262553392,
                -0.4631019159813501
            ],
            [
                0.6980767728419088,
                0.30357647035195284,
                -0.6484829572681682
            ]
        ],
        "translation_vector": [
            -22.702833032034377,
            -4.634468615016565,
            30.31408776968414
        ]
    },
    "000047.png": {
        "rotation_matrix": [
            [
                0.5461253085130208,
                -0.3805155855654213,
                0.7462942024050322
            ],
            [
                -0.3322031011323663,
                -0.9162108075611233,
                -0.2240510113930171
            ],
            [
                0.7690177156604374,
                -0.1255613206763918,
                -0.6267743674963133
            ]
        ],
        "translation_vector": [
            -16.920073993243097,
            -5.901560687377263,
            25.052667343944957
        ]
    },
    "000048.png": {
        "rotation_matrix": [
            [
                0.7057368170426678,
                -0.46676930882114026,
                0.5329746311158854
            ],
            [
                -0.22119599082563807,
                -0.8598488889825907,
                -0.46014369685790957
            ],
            [
                0.6730585997616726,
                0.2068484963881406,
                -0.7100745177999398
            ]
        ],
        "translation_vector": [
            -11.985459652957633,
            -7.4104233446454195,
            18.876826067992237
        ]
    },
    "000049.png": {
        "rotation_matrix": [
            [
                0.7360027686499854,
                -0.45525772456913033,
                0.5010392487217912
            ],
            [
                -0.199626413941774,
                -0.8531520758411121,
                -0.4819552161194566
            ],
            [
                0.6468765101596337,
                0.25469970496281,
                -0.718803756873567
            ]
        ],
        "translation_vector": [
            -9.496505522197436,
            -7.3931024847096705,
            17.790108543017546
        ]
    },
    "000050.png": {
        "rotation_matrix": [
            [
                0.7381106983592887,
                -0.45760487097036917,
                0.4957725073375462
            ],
            [
                -0.19669922653827482,
                -0.8488588632669957,
                -0.4906608243301179
            ],
            [
                0.6453696702253754,
                0.26464393497161076,
                -0.7165623325544919
            ]
        ],
        "translation_vector": [
            -9.934220006521253,
            -7.304280276317185,
            18.335728526784003
        ]
    },
    "000051.png": {
        "rotation_matrix": [
            [
                0.7385157787108559,
                -0.4576213452312733,
                0.49515366199172606
            ],
            [
                -0.1966032256899473,
                -0.8486382751441239,
                -0.49108069561805456
            ],
            [
                0.644935358189799,
                0.26532203517447345,
                -0.716702589228942
            ]
        ],
        "translation_vector": [
            -9.944539404620155,
            -7.314634586552345,
            18.284588092129518
        ]
    },
    "000052.png": {
        "rotation_matrix": [
            [
                0.8654664904256759,
                -0.3619091898467704,
                0.34639499455784095
            ],
            [
                -0.03193949991953998,
                -0.7299083211406033,
                -0.6827984410311762
            ],
            [
                0.4999476195514506,
                0.5798754875265629,
                -0.6432703915700438
            ]
        ],
        "translation_vector": [
            -21.8166471771338,
            -3.093868262774715,
            29.978581888980283
        ]
    },
    "000053.png": {
        "rotation_matrix": [
            [
                0.8654667018068565,
                -0.36190902292006905,
                0.346394640825465
            ],
            [
                -0.031939477331371036,
                -0.7299081407007632,
                -0.6827986349770728
            ],
            [
                0.49994725506933313,
                0.5798758188334775,
                -0.6432703761878384
            ]
        ],
        "translation_vector": [
            -21.816638123936286,
            -3.0938682588421385,
            29.97857236481105
        ]
    },
    "000054.png": {
        "rotation_matrix": [
            [
                0.8654666993826214,
                -0.3619090439174353,
                0.34639462494461193
            ],
            [
                -0.0319394764225584,
                -0.7299081038000377,
                -0.6827986744662625
            ],
            [
                0.4999472593240243,
                0.5798758521768261,
                -0.6432703428237582
            ]
        ],
        "translation_vector": [
            -21.816646422915966,
            -3.0938667046616875,
            29.978577551027175
        ]
    },
    "000055.png": {
        "rotation_matrix": [
            [
                0.883423277631963,
                -0.38076591783902325,
                0.27309454104796227
            ],
            [
                -0.06988360222678155,
                -0.6833637523802288,
                -0.7267257144704689
            ],
            [
                0.46333529401266194,
                0.6229215823400331,
                -0.6303087398863993
            ]
        ],
        "translation_vector": [
            -21.921108526654095,
            -2.777621418506151,
            29.396384911627216
        ]
    },
    "000056.png": {
        "rotation_matrix": [
            [
                0.8831882651572556,
                -0.38071125771282355,
                0.27392960142934286
            ],
            [
                -0.06942854164641818,
                -0.6837362895757503,
                -0.7264188625868954
            ],
            [
                0.46385144808803835,
                0.6225460822846027,
                -0.6303000948268402
            ]
        ],
        "translation_vector": [
            -21.91467410413506,
            -2.690570218501356,
            29.364633253437745
        ]
    },
    "000057.png": {
        "rotation_matrix": [
            [
                0.882619329662196,
                -0.3808517436095852,
                0.27556318385480927
            ],
            [
                -0.06872307894642876,
                -0.6844341420376914,
                -0.7258285221960192
            ],
            [
                0.46503790955876223,
                0.621692733271568,
                -0.6302681080861925
            ]
        ],
        "translation_vector": [
            -21.919663435889944,
            -2.535189494224873,
            29.31945157122884
        ]
    },
    "000058.png": {
        "rotation_matrix": [
            [
                0.882825908910156,
                -0.3797540009818867,
                0.27641511046830686
            ],
            [
                -0.06739110905683549,
                -0.684812759939423,
                -0.7255962529149664
            ],
            [
                0.46484067483068525,
                0.6219472506269318,
                -0.6301624905217335
            ]
        ],
        "translation_vector": [
            -22.04771178220988,
            -2.4729314419587,
            29.295093884501355
        ]
    },
    "000059.png": {
        "rotation_matrix": [
            [
                0.8831550159584639,
                -0.3782126947728278,
                0.27747499941450293
            ],
            [
                -0.06547700644043214,
                -0.6851328583277039,
                -0.7254693157310703
            ],
            [
                0.4644889443409845,
                0.6225336327881279,
                -0.6298427554815658
            ]
        ],
        "translation_vector": [
            -22.525874531107128,
            -2.497814738467382,
            29.310200008712318
        ]
    },
    "000060.png": {
        "rotation_matrix": [
            [
                0.8853432186360883,
                -0.3776857709397445,
                0.27114727298046604
            ],
            [
                -0.06713903180049227,
                -0.6809325207216432,
                -0.7292621288895801
            ],
            [
                0.46006492544420835,
                0.6274427150372541,
                -0.628216446555401
            ]
        ],
        "translation_vector": [
            -22.52639411704883,
            -2.46193777659642,
            29.331610092231287
        ]
    },
    "000061.png": {
        "rotation_matrix": [
            [
                0.9634004429940795,
                -0.2579564151307324,
                -0.0729251282598301
            ],
            [
                -0.19853668612727005,
                -0.5038189963584842,
                -0.840684009108019
            ],
            [
                0.18011876831805523,
                0.824393660092817,
                -0.5365932561059221
            ]
        ],
        "translation_vector": [
            -26.50127396406166,
            -6.461556679582394,
            26.96444966820055
        ]
    },
    "000062.png": {
        "rotation_matrix": [
            [
                0.9634006060208247,
                -0.2579540860689819,
                -0.07293121279000465
            ],
            [
                -0.19853993966495678,
                -0.5038156409906043,
                -0.840685251596017
            ],
            [
                0.1801143100271046,
                0.8243964394473934,
                -0.5365904825375838
            ]
        ],
        "translation_vector": [
            -26.501344767811702,
            -6.461512376102676,
            26.964453539658038
        ]
    }
}